  0.100000000000000E+001  0.128801285479272E+002  0.299348700575945E+001  0.143060573432838E+002 -0.248914318395496E+005
  0.100000000000000E+001  0.123763886118431E+002  0.299339886614522E+001  0.182660228319242E+002 -0.264951825600685E+005
  0.100000000000000E+001  0.122916534935317E+002  0.300685518961348E+001  0.122866041881181E+002 -0.267658257843047E+005
  0.100000000000000E+001  0.126574451973018E+002  0.299318076940693E+001  0.629725320567120E+001 -0.263004516685380E+005
  0.100000000000000E+001  0.128107305300333E+002  0.299320979906443E+001  0.663214944400819E+001 -0.256531717030625E+005
  0.100000000000000E+001  0.131750574273389E+002  0.299329805725518E+001  0.122557994102895E+002 -0.230987397233213E+005
  0.100000000000000E+001  0.135222212675149E+002  0.300017199699160E+001  0.189811645174419E+002 -0.757155526546687E+004
  0.100000000000000E+001  0.135348437958908E+002  0.300677236311414E+001  0.178306953662321E+002 -0.236377094614810E+005
  0.100000000000000E+001  0.127193065702756E+002  0.299320274112850E+001  0.113879423248227E+002 -0.257080946943769E+005
  0.100000000000000E+001  0.127961538104408E+002  0.299362951035937E+001  0.161277884216248E+002 -0.266102451995138E+005
  0.100000000000000E+001  0.128928250584228E+002  0.299973205590593E+001  0.967951094490080E+001 -0.237511069646345E+005
  0.100000000000000E+001  0.134256152626981E+002  0.300666496536555E+001  0.169580947698373E+002 -0.205387816788701E+005
  0.100000000000000E+001  0.137899870811555E+002  0.300001474330141E+001  0.157822197164718E+002  0.485244013496477E+004
  0.100000000000000E+001  0.126181034843243E+002  0.299992090578432E+001  0.185696364578388E+002 -0.219482051459817E+005
  0.100000000000000E+001  0.121489142622771E+002  0.299339404486095E+001  0.746534587068803E+001 -0.268233605715100E+005
  0.100000000000000E+001  0.125917024778463E+002  0.299363633041411E+001  0.193713239065919E+002 -0.268365606523713E+005
  0.100000000000000E+001  0.133437206346185E+002  0.299354284437503E+001  0.120115356116208E+002 -0.269865986429313E+005
  0.100000000000000E+001  0.130430756018390E+002  0.300005250302964E+001  0.128357152672294E+002 -0.126576361869487E+005
  0.100000000000000E+001  0.133543543907676E+002  0.300007593915986E+001  0.199107575310595E+002 -0.606152591329822E+004
  0.100000000000000E+001  0.135544241313553E+002  0.300648720223449E+001  0.166785049208522E+002 -0.268510615786855E+005
  0.100000000000000E+001  0.140366927031444E+002  0.299995972313927E+001  0.157580366465466E+002  0.394796873041518E+003
  0.100000000000000E+001  0.123952531513226E+002  0.299990274648641E+001  0.184644877697227E+002 -0.242614552418077E+005
  0.100000000000000E+001  0.123097344614863E+002  0.299352963961172E+001  0.867616760125729E+001 -0.268881695541259E+005
  0.100000000000000E+001  0.130050611622428E+002  0.300029139977981E+001  0.121898624543176E+002 -0.233150825601207E+005
  0.100000000000000E+001  0.125085218134902E+002  0.299980939154609E+001  0.110297634817902E+002 -0.241178370678483E+005
  0.100000000000000E+001  0.126113984471954E+002  0.299320413646369E+001  0.796954733109014E+001 -0.260955364974137E+005
  0.100000000000000E+001  0.131580506616107E+002  0.300036792619265E+001  0.179017836446184E+002 -0.241451854644968E+005
  0.100000000000000E+001  0.126962933682547E+002  0.300670853217669E+001  0.131126491681741E+002 -0.242003613510057E+005
  0.100000000000000E+001  0.125518776972067E+002  0.299997014496315E+001  0.705835928327391E+001 -0.213673791218563E+005
  0.100000000000000E+001  0.135700987796568E+002  0.299336171692760E+001  0.106711494621933E+002 -0.249752331922239E+005
  0.100000000000000E+001  0.139338976053101E+002  0.300000469262740E+001  0.145542587786739E+002  0.402497029632175E+004
  0.100000000000000E+001  0.120815992645833E+002  0.300670921772712E+001  0.132965139738570E+002 -0.267761575686877E+005
  0.100000000000000E+001  0.122366003971291E+002  0.300680045100129E+001  0.160130900229031E+002 -0.266752631374051E+005
  0.100000000000000E+001  0.123411022179280E+002  0.299350883032503E+001  0.159795283737905E+002 -0.267691582647599E+005
  0.100000000000000E+001  0.124612761464159E+002  0.300690910136756E+001  0.121825498534174E+002 -0.267751346718108E+005
  0.100000000000000E+001  0.128586726732009E+002  0.300037711720725E+001  0.182622834130166E+002 -0.252145845750860E+005
  0.100000000000000E+001  0.127521526772630E+002  0.299343997230308E+001  0.133709629983241E+002 -0.250463799922348E+005
  0.100000000000000E+001  0.133410331945021E+002  0.299978696395673E+001  0.147026672482104E+002 -0.148888148141697E+005
  0.100000000000000E+001  0.131315846046971E+002  0.300016693020791E+001  0.845445830291334E+001 -0.163991547516719E+005
  0.100000000000000E+001  0.132958581982828E+002  0.299998786135087E+001  0.118154103515271E+002 -0.495288085570781E+004
  0.100000000000000E+001  0.124159252681026E+002  0.300002880462247E+001  0.986420253098602E+001 -0.230496108532362E+005
  0.100000000000000E+001  0.126170115306540E+002  0.299986852232387E+001  0.521745401825386E+001 -0.221059250541212E+005
  0.100000000000000E+001  0.128971695687703E+002  0.300679183716587E+001  0.170432603164199E+002 -0.238049361327275E+005
  0.100000000000000E+001  0.140593690896517E+002  0.299992745864962E+001  0.120674739353623E+002 -0.176629528963760E+004
  0.100000000000000E+001  0.127169458431506E+002  0.299334680506523E+001  0.154681530511300E+002 -0.250578238138728E+005
  0.100000000000000E+001  0.125764621495063E+002  0.300040411834176E+001  0.147368020822103E+002 -0.268238758545108E+005
  0.100000000000000E+001  0.142564517323322E+002  0.300005023849867E+001  0.133954031735656E+002 -0.533138659115972E+004
  0.100000000000000E+001  0.130430556784865E+002  0.299993378794731E+001  0.126160773273658E+002 -0.129221552872950E+005
  0.100000000000000E+001  0.127678393452211E+002  0.299977676524060E+001  0.169034185090475E+002 -0.223992611791829E+005
  0.100000000000000E+001  0.131098100499845E+002  0.300687791734707E+001  0.192529888800779E+002 -0.242826225690203E+005
  0.100000000000000E+001  0.126906577355550E+002  0.300633808845125E+001  0.198428160578662E+002 -0.266532076564704E+005
  0.100000000000000E+001  0.134813057343081E+002  0.300651990829332E+001  0.168328552879795E+002 -0.239004485095888E+005
  0.100000000000000E+001  0.126727318427264E+002  0.300009344965766E+001  0.132361974424035E+002 -0.207528821297035E+005
  0.100000000000000E+001  0.135320697554564E+002  0.300026124172027E+001  0.865844413224967E+001 -0.252586143272545E+005
  0.100000000000000E+001  0.141597513138304E+002  0.300015876744936E+001  0.150327078409450E+002 -0.175107922565393E+005
  0.100000000000000E+001  0.140377442085021E+002  0.300008319760263E+001  0.172844774128367E+002 -0.315591921700579E+004
  0.100000000000000E+001  0.134048349391936E+002  0.300651711949012E+001  0.171647672972984E+002 -0.230351027760717E+005
  0.100000000000000E+001  0.152447852053244E+002  0.299987601180768E+001  0.795449181816341E+001 -0.201130851900946E+005
  0.100000000000000E+001  0.122826692343049E+002  0.300028116041543E+001  0.124581660080323E+002 -0.263933803657177E+005
  0.100000000000000E+001  0.131556427491186E+002  0.299317643151628E+001  0.114040639747686E+002 -0.255931112487418E+005
  0.100000000000000E+001  0.127853474607918E+002  0.300004417099023E+001  0.163503785896406E+002 -0.188129446787860E+005
  0.100000000000000E+001  0.141406380992315E+002  0.299984533754914E+001  0.175311033427634E+002 -0.169174986360961E+005
  0.100000000000000E+001  0.136123073680975E+002  0.299971966516636E+001  0.113444591376254E+002 -0.267820165651934E+005
  0.100000000000000E+001  0.124145711628009E+002  0.299959386837150E+001  0.198549617553041E+002 -0.268137313318926E+005
  0.100000000000000E+001  0.138027925064460E+002  0.300019933623084E+001  0.138493053924789E+002 -0.147809015199793E+005
  0.100000000000000E+001  0.123350082637401E+002  0.299991616347358E+001  0.114955992169572E+002 -0.241685727937648E+005
  0.100000000000000E+001  0.125335925279876E+002  0.299312776885811E+001  0.846430689804972E+001 -0.268648368683224E+005
  0.100000000000000E+001  0.128244616330493E+002  0.299981410390522E+001  0.174970175465035E+002 -0.208093581957474E+005
  0.100000000000000E+001  0.120511835610071E+002  0.300021744842245E+001  0.141955475900390E+002 -0.265712182547492E+005
  0.100000000000000E+001  0.124182633283135E+002  0.299353973993132E+001  0.174953107025515E+002 -0.267258814092150E+005
  0.100000000000000E+001  0.125394221076121E+002  0.300688118664734E+001  0.133199264488547E+002 -0.263441734934255E+005
  0.100000000000000E+001  0.121483351215926E+002  0.300028723207697E+001  0.141221918451558E+002 -0.267482751621234E+005
  0.100000000000000E+001  0.128678467313906E+002  0.299328876289872E+001  0.550423714369039E+001 -0.247585575300692E+005
  0.100000000000000E+001  0.132051244499460E+002  0.299980271915895E+001  0.987926101976074E+001 -0.171704522247742E+005
  0.100000000000000E+001  0.124711184107204E+002  0.300638770175583E+001  0.178244309488292E+002 -0.267693001152943E+005
  0.100000000000000E+001  0.137746598692053E+002  0.299993486300146E+001  0.149906763454129E+002  0.266680784288492E+004
  0.100000000000000E+001  0.123605799255150E+002  0.300015181335961E+001  0.982238538844771E+001 -0.245846165380437E+005
  0.100000000000000E+001  0.132800090420768E+002  0.300025922664983E+001  0.109165017881972E+002 -0.210720553034184E+005
  0.100000000000000E+001  0.126473367778193E+002  0.300038074107398E+001  0.170839121415313E+002 -0.261404551696912E+005
  0.100000000000000E+001  0.127558703768568E+002  0.299954621815442E+001  0.190126036935093E+002 -0.267456114319329E+005
  0.100000000000000E+001  0.131785321836527E+002  0.299973044746921E+001  0.142319731688774E+002 -0.206539805522359E+005
  0.100000000000000E+001  0.120732393804370E+002  0.300026371199985E+001  0.128627888379242E+002 -0.267934804221162E+005
  0.100000000000000E+001  0.129945408933645E+002  0.299964245234602E+001  0.139820872597662E+002 -0.255488658963606E+005
  0.100000000000000E+001  0.137375968677933E+002  0.300015519196363E+001  0.131467041112263E+002 -0.772053707302429E+004
  0.100000000000000E+001  0.135470249832077E+002  0.300662503138794E+001  0.997008361568383E+001 -0.237630509728516E+005
  0.100000000000000E+001  0.130602915450246E+002  0.299331877277177E+001  0.198394827730147E+002 -0.235362715263736E+005
  0.100000000000000E+001  0.123734826712392E+002  0.300683807840806E+001  0.843695655417711E+001 -0.265210628961152E+005
  0.100000000000000E+001  0.132249397186868E+002  0.299347273618649E+001  0.759996451070733E+001 -0.250186728411637E+005
  0.100000000000000E+001  0.125098072045437E+002  0.300644797492132E+001  0.100093513070620E+002 -0.264218341125942E+005
  0.100000000000000E+001  0.122523786149923E+002  0.300677223140650E+001  0.137277095565203E+002 -0.264999377211592E+005
  0.100000000000000E+001  0.128561247580664E+002  0.300681199999112E+001  0.139558011283237E+002 -0.243130244814325E+005
  0.100000000000000E+001  0.123225598012612E+002  0.299961585546811E+001  0.189192092516490E+002 -0.268884960317127E+005
  0.100000000000000E+001  0.128016270345846E+002  0.299962352790180E+001  0.142693738524418E+002 -0.262214601186622E+005
  0.100000000000000E+001  0.135629492697209E+002  0.300663029751260E+001  0.587902839161647E+001 -0.256901142460843E+005
  0.100000000000000E+001  0.134738909805798E+002  0.299344480448152E+001  0.827165551215949E+001 -0.258150574758872E+005
  0.100000000000000E+001  0.136051140047013E+002  0.299332992592483E+001  0.860626249108344E+001 -0.257957262657381E+005
  0.100000000000000E+001  0.133348936126404E+002  0.299971193560544E+001  0.196864803907352E+002 -0.186066805656596E+005
  0.100000000000000E+001  0.129617424669004E+002  0.300016391264588E+001  0.507007012403007E+001 -0.196815710234531E+005
  0.100000000000000E+001  0.126227262118345E+002  0.299982320670567E+001  0.599048327114859E+001 -0.231237204198921E+005
  0.100000000000000E+001  0.127489726764766E+002  0.299361511927460E+001  0.179715913106625E+002 -0.264594624470619E+005
