  0.276676761671098E-321  0.554627078868708E+005  0.100000000000000E+001  0.126098974931628E+002  0.300039787204643E+001  0.584730537983244E+001
  0.330282884244873E-319  0.554531164177317E+005  0.100000000000000E+001  0.120780345064953E+002  0.299949769339540E+001  0.132457037442467E+002
  0.473938399560966E-317  0.554431639999954E+005  0.100000000000000E+001  0.124480000323707E+002  0.299940017904235E+001  0.195036574373793E+002
  0.177567393410644E-310  0.554128713628311E+005  0.100000000000000E+001  0.127657495790873E+002  0.299291057790558E+001  0.187881642310108E+002
  0.190639347596118E-310  0.554127093957842E+005  0.100000000000000E+001  0.122870114669020E+002  0.300623227334754E+001  0.138881899148512E+002
  0.769634218018792E-301  0.553684518995489E+005  0.100000000000000E+001  0.123279713068326E+002  0.299287629053242E+001  0.190953589273130E+002
  0.317215554676212E-299  0.553609943261842E+005  0.100000000000000E+001  0.129167726745808E+002  0.299301214003028E+001  0.136650550469248E+002
  0.486010601725568E-291  0.553232797662107E+005  0.100000000000000E+001  0.123852695513509E+002  0.300628610090336E+001  0.104898493114013E+002
  0.266088975056272E-285  0.552968336438178E+005  0.100000000000000E+001  0.125494443435480E+002  0.299381645952411E+001  0.195407154874169E+002
  0.167849255922276E-278  0.552654990807644E+005  0.100000000000000E+001  0.125839878384167E+002  0.299956265648597E+001  0.107134752673334E+002
  0.321530019472044E-274  0.552457584501147E+005  0.100000000000000E+001  0.123496035116132E+002  0.300625907002431E+001  0.140999357611802E+002
  0.370832193199988E-271  0.552316377214183E+005  0.100000000000000E+001  0.124745634040258E+002  0.299296643261857E+001  0.132904615891817E+002
  0.271240705867773E-265  0.552046122856619E+005  0.100000000000000E+001  0.124872922272655E+002  0.299291977065175E+001  0.180115572821380E+002
  0.888340691520229E-264  0.551976145174326E+005  0.100000000000000E+001  0.124004082206596E+002  0.300704507044580E+001  0.120432809844495E+002
  0.231920667932836E-237  0.550759409416820E+005  0.100000000000000E+001  0.124504079417831E+002  0.299955054526368E+001  0.125516298303113E+002
  0.773495998795101E-227  0.550274602888954E+005  0.100000000000000E+001  0.123389676176274E+002  0.300633191987366E+001  0.935885208854208E+001
  0.224088216090924E-212  0.549608405968458E+005  0.100000000000000E+001  0.125594319386559E+002  0.300630243906356E+001  0.125237746669267E+002
  0.348957829386020E-200  0.549046728313802E+005  0.100000000000000E+001  0.125495240059220E+002  0.299953523740444E+001  0.147060113292301E+002
  0.130658234264192E-198  0.548974073224802E+005  0.100000000000000E+001  0.151988585635597E+002  0.299999348293286E+001  0.120221482527356E+002
  0.776333680707177E-172  0.547740890021561E+005  0.100000000000000E+001  0.120189013624470E+002  0.299356738694820E+001  0.191731696827689E+002
  0.124818294289106E-171  0.547731193780977E+005  0.100000000000000E+001  0.123541078018061E+002  0.299301231911870E+001  0.176169871307034E+002
  0.397044699053856E-166  0.547477592468413E+005  0.100000000000000E+001  0.126208228674395E+002  0.300699320909190E+001  0.109091809580960E+002
  0.109512015125133E-150  0.546766326523958E+005  0.100000000000000E+001  0.122526129780926E+002  0.300041515320365E+001  0.140307492879647E+002
  0.149327317048102E-149  0.546713873687783E+005  0.100000000000000E+001  0.122702092076002E+002  0.300038304153501E+001  0.993296642095120E+001
  0.826948427049287E-147  0.546587339243921E+005  0.100000000000000E+001  0.120963224355178E+002  0.299313362219221E+001  0.114091580587445E+002
  0.437976696752059E-136  0.546093283049373E+005  0.100000000000000E+001  0.134836362111299E+002  0.300685665761795E+001  0.148215473639362E+002
  0.498696169699506E-125  0.545583918695762E+005  0.100000000000000E+001  0.121290143049595E+002  0.300689807861014E+001  0.759386484153189E+001
  0.478169114710086E-118  0.545262198427437E+005  0.100000000000000E+001  0.123739074149219E+002  0.299303879053039E+001  0.190077176201101E+002
  0.193640793615827E-082  0.543622217345923E+005  0.100000000000000E+001  0.120263202282208E+002  0.299340319034833E+001  0.175259006961850E+002
  0.554890725810268E-079  0.543462807906917E+005  0.100000000000000E+001  0.123729445012280E+002  0.299359942258404E+001  0.794098502595574E+001
  0.262494029185853E-065  0.542832855931624E+005  0.100000000000000E+001  0.120075724108388E+002  0.299968839464861E+001  0.151728496281412E+002
  0.455175286733086E-057  0.542453234225037E+005  0.100000000000000E+001  0.121023320164518E+002  0.299349941478999E+001  0.106842640234200E+002
  0.200919654880171E-030  0.541225994817986E+005  0.100000000000000E+001  0.121152417568909E+002  0.300647435686546E+001  0.175087998459287E+002
  0.117252982328085E-019  0.540729998516081E+005  0.100000000000000E+001  0.121307713420774E+002  0.299343998270628E+001  0.165146524148883E+002
  0.964082037699624E-018  0.540641610956610E+005  0.100000000000000E+001  0.122708110108619E+002  0.300642360439907E+001  0.111513824661792E+002
  0.100000000000000E+001  0.539811749738783E+005  0.100000000000000E+001  0.120232317780369E+002  0.299970407104891E+001  0.196747051634950E+002
