  0.100000000000000E+001  0.314505091104692E+006  0.100000000000000E+001  0.156668231103228E+002  0.299200757782648E+001  0.134269261382478E+002
  0.100000000000000E+001  0.566363873505882E+005  0.100000000000000E+001  0.127061732508136E+002  0.300792469745467E+001  0.172964140336726E+002
  0.100000000000000E+001  0.826839583576987E+005  0.100000000000000E+001  0.134711711031919E+002  0.300897389353717E+001  0.110373570510466E+002
  0.100000000000000E+001  0.741945570233228E+005  0.100000000000000E+001  0.133343566641622E+002  0.300932694611758E+001  0.664853796737719E+001
  0.100000000000000E+001  0.218788027040781E+006  0.100000000000000E+001  0.158763210810955E+002  0.300875852631597E+001  0.711033389672327E+001
  0.100000000000000E+001  0.560780955169982E+005  0.100000000000000E+001  0.125148770550447E+002  0.300454352358034E+001  0.179555117151371E+002
  0.100000000000000E+001  0.566123325494488E+005  0.100000000000000E+001  0.126925462456917E+002  0.300952335185773E+001  0.174569055366217E+002
  0.100000000000000E+001  0.449969262552515E+006  0.100000000000000E+001  0.157361965617734E+002  0.300147046893874E+001  0.185387033590534E+002
  0.100000000000000E+001  0.104788664606920E+006  0.100000000000000E+001  0.138127539148077E+002  0.300078295807220E+001  0.580636426760579E+001
  0.100000000000000E+001  0.581117389609200E+005  0.100000000000000E+001  0.128080292664639E+002  0.299867116228902E+001  0.871692186718215E+001
  0.100000000000000E+001  0.147421052283073E+006  0.100000000000000E+001  0.145967235980796E+002  0.300299052138729E+001  0.583488195409127E+001
  0.100000000000000E+001  0.992781108593974E+005  0.100000000000000E+001  0.137602425175354E+002  0.300528214229543E+001  0.536891487549764E+001
  0.100000000000000E+001  0.564437361796390E+005  0.100000000000000E+001  0.126383482396000E+002  0.300726733087273E+001  0.135315922862255E+002
  0.100000000000000E+001  0.562953588333621E+005  0.100000000000000E+001  0.126260371705600E+002  0.299390902166136E+001  0.142297535327156E+002
  0.100000000000000E+001  0.577078478457164E+005  0.100000000000000E+001  0.128492706261267E+002  0.299858332453585E+001  0.142446560267162E+002
  0.100000000000000E+001  0.387270012145031E+006  0.100000000000000E+001  0.157963171696894E+002  0.300783222725662E+001  0.150726568364819E+002
  0.100000000000000E+001  0.258976143318921E+006  0.100000000000000E+001  0.146359106825953E+002  0.299741901365952E+001  0.142416303303907E+002
  0.100000000000000E+001  0.371959534976678E+006  0.100000000000000E+001  0.150694966468791E+002  0.300772838948961E+001  0.185513593165419E+002
  0.100000000000000E+001  0.572363605539881E+005  0.100000000000000E+001  0.126923790177399E+002  0.300806286013319E+001  0.804538852403343E+001
  0.100000000000000E+001  0.104745372046147E+006  0.100000000000000E+001  0.152408740875707E+002  0.300026429518863E+001  0.757724676163580E+001
  0.100000000000000E+001 -0.789593746083035E+003  0.100000000000000E+001  0.140366927031444E+002  0.299995972313927E+001  0.157580366465466E+002
  0.100000000000000E+001  0.222379067281534E+006  0.100000000000000E+001  0.154633864297125E+002  0.300380357383574E+001  0.798983094792644E+001
  0.100000000000000E+001  0.563430362449963E+005  0.100000000000000E+001  0.125666153298381E+002  0.300788335036869E+001  0.123297369209679E+002
  0.100000000000000E+001  0.710128544348199E+005  0.100000000000000E+001  0.133098873365794E+002  0.300626608998500E+001  0.512325005451177E+001
  0.100000000000000E+001  0.232679786433290E+006  0.100000000000000E+001  0.155212246873130E+002  0.300059722100603E+001  0.881317510247566E+001
  0.100000000000000E+001  0.680998819845071E+005  0.100000000000000E+001  0.132898536265764E+002  0.300106239368751E+001  0.155784363323062E+002
  0.100000000000000E+001  0.557900877380394E+005  0.100000000000000E+001  0.121871603790836E+002  0.299948451409298E+001  0.607773207638940E+001
  0.100000000000000E+001  0.553684518995489E+005  0.100000000000000E+001  0.123279713068326E+002  0.299287629053242E+001  0.190953589273130E+002
  0.100000000000000E+001  0.556206062061678E+005  0.100000000000000E+001  0.120248193240010E+002  0.299104810473741E+001  0.126933428996727E+002
  0.100000000000000E+001  0.725531625116974E+005  0.100000000000000E+001  0.133049129755363E+002  0.300748980236082E+001  0.882772734772007E+001
  0.100000000000000E+001  0.461063175470114E+006  0.100000000000000E+001  0.157459498520696E+002  0.300532775572122E+001  0.190657929294610E+002
  0.100000000000000E+001  0.535523151373755E+005  0.100000000000000E+001  0.120815992645833E+002  0.300670921772712E+001  0.132965139738570E+002
  0.100000000000000E+001  0.257788647729337E+006  0.100000000000000E+001  0.145846544024881E+002  0.300893328234819E+001  0.147092713166061E+002
  0.100000000000000E+001  0.548974073224802E+005  0.100000000000000E+001  0.151988585635597E+002  0.299999348293286E+001  0.120221482527356E+002
  0.100000000000000E+001  0.383087144263731E+006  0.100000000000000E+001  0.158219713292157E+002  0.300591431139438E+001  0.150357859984493E+002
  0.100000000000000E+001  0.404228427953409E+006  0.100000000000000E+001  0.156610922179123E+002  0.300385308753207E+001  0.164703111951239E+002
  0.100000000000000E+001  0.209143079670442E+006  0.100000000000000E+001  0.153832576858645E+002  0.300086888336573E+001  0.754878620715316E+001
  0.100000000000000E+001  0.297776296283395E+005  0.100000000000000E+001  0.133410331945021E+002  0.299978696395673E+001  0.147026672482104E+002
  0.100000000000000E+001  0.331888670390708E+006  0.100000000000000E+001  0.152901875325837E+002  0.300999407009135E+001  0.143798490437136E+002
  0.100000000000000E+001  0.111066705801311E+006  0.100000000000000E+001  0.143487719109946E+002  0.300670834319439E+001  0.101058585900134E+002
  0.100000000000000E+001  0.119724063122422E+006  0.100000000000000E+001  0.142600901802012E+002  0.299048007470034E+001  0.165175453611271E+002
  0.100000000000000E+001  0.442118501082425E+005  0.100000000000000E+001  0.126170115306540E+002  0.299986852232387E+001  0.521745401825386E+001
  0.100000000000000E+001  0.115973612286942E+006  0.100000000000000E+001  0.137657386464097E+002  0.300379967018358E+001  0.155066679893828E+002
  0.100000000000000E+001  0.850477162112632E+005  0.100000000000000E+001  0.135479338215477E+002  0.299919526179000E+001  0.180213932844071E+002
  0.100000000000000E+001  0.557383171911109E+005  0.100000000000000E+001  0.121407401047492E+002  0.300399324389639E+001  0.124415390727276E+002
  0.100000000000000E+001  0.134136945659767E+006  0.100000000000000E+001  0.152926372893957E+002  0.299986983838743E+001  0.163907680921833E+002
  0.100000000000000E+001  0.302833443517981E+006  0.100000000000000E+001  0.146614425676632E+002  0.299232791993538E+001  0.181266221642914E+002
  0.100000000000000E+001  0.592839315703414E+005  0.100000000000000E+001  0.129235808083083E+002  0.300860425677487E+001  0.109456094462925E+002
  0.100000000000000E+001  0.212476224517867E+006  0.100000000000000E+001  0.159516596763490E+002  0.300859848435991E+001  0.673675594820047E+001
  0.100000000000000E+001  0.485652451380406E+005  0.100000000000000E+001  0.131098100499845E+002  0.300687791734707E+001  0.192529888800779E+002
  0.100000000000000E+001  0.816300257071138E+005  0.100000000000000E+001  0.135131003339460E+002  0.300207782860510E+001  0.186580884424441E+002
  0.100000000000000E+001  0.194404498136779E+006  0.100000000000000E+001  0.148710220581957E+002  0.300942333951050E+001  0.806464575971393E+001
  0.100000000000000E+001  0.206795698782556E+006  0.100000000000000E+001  0.157756938125737E+002  0.300705467134380E+001  0.760450637894750E+001
  0.100000000000000E+001  0.901523253445872E+005  0.100000000000000E+001  0.135947453057110E+002  0.299381315022493E+001  0.118501508299571E+002
  0.100000000000000E+001  0.621496190675640E+005  0.100000000000000E+001  0.131185816175494E+002  0.299790831912042E+001  0.152044393418268E+002
  0.100000000000000E+001  0.293210967282101E+006  0.100000000000000E+001  0.157784911705495E+002  0.299674906174014E+001  0.105735449402479E+002
  0.100000000000000E+001  0.196253749968901E+006  0.100000000000000E+001  0.141600731256463E+002  0.299408830235931E+001  0.176255893433248E+002
  0.100000000000000E+001  0.826130119053877E+005  0.100000000000000E+001  0.134858855620759E+002  0.300380187288894E+001  0.135777149871753E+002
  0.100000000000000E+001  0.324368003630136E+006  0.100000000000000E+001  0.154137226966034E+002  0.299593707185461E+001  0.134407708830971E+002
  0.100000000000000E+001  0.572338662203698E+005  0.100000000000000E+001  0.127719631813967E+002  0.300299359343029E+001  0.163427212279631E+002
  0.100000000000000E+001  0.552968336438178E+005  0.100000000000000E+001  0.125494443435480E+002  0.299381645952411E+001  0.195407154874169E+002
  0.100000000000000E+001  0.270931192539434E+006  0.100000000000000E+001  0.149848817038412E+002  0.300326952465712E+001  0.122264662350327E+002
  0.100000000000000E+001  0.105266481799150E+006  0.100000000000000E+001  0.145207451364331E+002  0.299110196650475E+001  0.729925665527901E+001
  0.100000000000000E+001  0.651805361438504E+005  0.100000000000000E+001  0.131412880151250E+002  0.300303928469364E+001  0.968011224810606E+001
  0.100000000000000E+001  0.579415706890140E+005  0.100000000000000E+001  0.132607628129589E+002  0.299116069199718E+001  0.176987224387030E+002
  0.100000000000000E+001  0.280218271117061E+006  0.100000000000000E+001  0.144880578890897E+002  0.299891319740047E+001  0.192419019363808E+002
  0.100000000000000E+001  0.310175555819572E+006  0.100000000000000E+001  0.148665926882915E+002  0.299925786370985E+001  0.165191727177149E+002
  0.100000000000000E+001  0.416187163914947E+005  0.100000000000000E+001  0.128244616330493E+002  0.299981410390522E+001  0.174970175465035E+002
  0.100000000000000E+001  0.531424365094984E+005  0.100000000000000E+001  0.120511835610071E+002  0.300021744842245E+001  0.141955475900390E+002
  0.100000000000000E+001  0.638760968103481E+005  0.100000000000000E+001  0.134628964544036E+002  0.299040084356936E+001  0.632741346761646E+001
  0.100000000000000E+001  0.557819559115610E+005  0.100000000000000E+001  0.121027446289354E+002  0.299584985309289E+001  0.677439285344114E+001
  0.100000000000000E+001  0.219440026111577E+006  0.100000000000000E+001  0.150186878829712E+002  0.300497910152086E+001  0.903208005850788E+001
  0.100000000000000E+001  0.193212871122098E+006  0.100000000000000E+001  0.150574689179222E+002  0.300398943383614E+001  0.741615024474926E+001
  0.100000000000000E+001  0.617272064211245E+005  0.100000000000000E+001  0.129876763435241E+002  0.299480000917824E+001  0.531195399452684E+001
  0.100000000000000E+001  0.707393288739941E+005  0.100000000000000E+001  0.137037899735540E+002  0.299077614157711E+001  0.127899254882720E+002
  0.100000000000000E+001  0.266885574977048E+006  0.100000000000000E+001  0.152654275634222E+002  0.299581385120655E+001  0.108637435490965E+002
  0.100000000000000E+001  0.613325530413736E+005  0.100000000000000E+001  0.130689032316923E+002  0.299779203678267E+001  0.132551136454526E+002
  0.100000000000000E+001  0.243410101225999E+006  0.100000000000000E+001  0.146603712138354E+002  0.300185776932863E+001  0.125731880786531E+002
  0.100000000000000E+001  0.561574616303848E+005  0.100000000000000E+001  0.125461809636379E+002  0.299638653360337E+001  0.185357254017135E+002
  0.100000000000000E+001  0.612866377334244E+005  0.100000000000000E+001  0.136888845376036E+002  0.299320190603803E+001  0.194315279908916E+002
  0.100000000000000E+001  0.345690501187177E+006  0.100000000000000E+001  0.154098626081906E+002  0.299540422593377E+001  0.146469169553721E+002
  0.100000000000000E+001  0.988581263162347E+005  0.100000000000000E+001  0.136857678797542E+002  0.299706165846678E+001  0.649752871912368E+001
  0.100000000000000E+001  0.404788688125164E+006  0.100000000000000E+001  0.152723662518947E+002  0.300232561791483E+001  0.190393236204342E+002
  0.100000000000000E+001  0.316755433519198E+006  0.100000000000000E+001  0.148643485795908E+002  0.300878388109788E+001  0.165711179651772E+002
  0.100000000000000E+001  0.411097059300940E+006  0.100000000000000E+001  0.154047966080506E+002  0.299565778251599E+001  0.184105302452963E+002
  0.100000000000000E+001  0.144988792634768E+006  0.100000000000000E+001  0.140868145987415E+002  0.299197726852343E+001  0.880016460388642E+001
  0.100000000000000E+001  0.170821191673642E+006  0.100000000000000E+001  0.154785340442026E+002  0.300207322764037E+001  0.555074998375600E+001
  0.100000000000000E+001  0.267368276834990E+006  0.100000000000000E+001  0.146151451509635E+002  0.299599015297363E+001  0.151649743999775E+002
  0.100000000000000E+001  0.165090664690762E+006  0.100000000000000E+001  0.145519784110562E+002  0.300298762847022E+001  0.716334032770122E+001
  0.100000000000000E+001  0.260099275099802E+006  0.100000000000000E+001  0.152846848496587E+002  0.300379929037226E+001  0.104064443072184E+002
  0.100000000000000E+001  0.558027337497600E+005  0.100000000000000E+001  0.126883040852000E+002  0.299027720708148E+001  0.199184837106568E+002
  0.100000000000000E+001  0.574259136584720E+005  0.100000000000000E+001  0.135913160213509E+002  0.299320909468717E+001  0.142333088698501E+002
  0.100000000000000E+001  0.556974926400043E+005  0.100000000000000E+001  0.121433098707229E+002  0.300270208018027E+001  0.181670738839936E+002
  0.100000000000000E+001  0.240963973082671E+006  0.100000000000000E+001  0.147049142015161E+002  0.300553885470950E+001  0.121320038167296E+002
  0.100000000000000E+001  0.165779729624860E+006  0.100000000000000E+001  0.150261613104460E+002  0.299475129935617E+001  0.607019038167724E+001
  0.100000000000000E+001  0.778080364512544E+005  0.100000000000000E+001  0.134561909998280E+002  0.300819317184467E+001  0.166282066320304E+002
  0.100000000000000E+001  0.557573448637393E+005  0.100000000000000E+001  0.120991761388884E+002  0.300944405255916E+001  0.565531232828172E+001
  0.100000000000000E+001  0.561105923860681E+005  0.100000000000000E+001  0.125451364660768E+002  0.299543080727036E+001  0.186396634084639E+002
  0.100000000000000E+001  0.111678440109496E+006  0.100000000000000E+001  0.137356476510781E+002  0.300214949135581E+001  0.134312891686217E+002
  0.100000000000000E+001  0.255144273113222E+006  0.100000000000000E+001  0.145645524080881E+002  0.300806986481043E+001  0.147336685791653E+002
