 -0.205306500913893E+006  0.100000000000000E+001  0.159066952096144E+002  0.300536856427477E+001  0.158086721817191E+002
 -0.193547361570763E+006  0.100000000000000E+001  0.153690616866725E+002  0.300428754472160E+001  0.171706505633896E+002
 -0.193164095443221E+006  0.100000000000000E+001  0.150484015639940E+002  0.300298805575708E+001  0.196420904362849E+002
 -0.179973703188823E+006  0.100000000000000E+001  0.159241481096294E+002  0.300061095545060E+001  0.180516768568116E+002
 -0.177726718112716E+006  0.100000000000000E+001  0.149989307893582E+002  0.300112519231482E+001  0.181512414576873E+002
 -0.177681251359257E+006  0.100000000000000E+001  0.157812288505298E+002  0.299690417166659E+001  0.135334536134619E+002
 -0.173220697323196E+006  0.100000000000000E+001  0.147976412972817E+002  0.299875311524960E+001  0.199362920874871E+002
 -0.160515377908407E+006  0.100000000000000E+001  0.146747142312320E+002  0.300768396428873E+001  0.194138721041381E+002
 -0.155499341203624E+006  0.100000000000000E+001  0.150710349650275E+002  0.299659548071637E+001  0.143733811374222E+002
 -0.151932149615422E+006  0.100000000000000E+001  0.154825338392144E+002  0.299697962199843E+001  0.120732788427715E+002
 -0.151429428527417E+006  0.100000000000000E+001  0.148625928517126E+002  0.300446966451855E+001  0.153899989579413E+002
 -0.150837457404389E+006  0.100000000000000E+001  0.158333796895057E+002  0.299176967352428E+001  0.149782514028508E+002
 -0.150819087654021E+006  0.100000000000000E+001  0.147239063990531E+002  0.299411777981249E+001  0.171141883305482E+002
 -0.143126603292734E+006  0.100000000000000E+001  0.146552519403729E+002  0.299456686171051E+001  0.164870882832249E+002
 -0.139360271811225E+006  0.100000000000000E+001  0.152507225516993E+002  0.300841932525226E+001  0.116494154996910E+002
 -0.137511106618610E+006  0.100000000000000E+001  0.144743565235975E+002  0.299850548227693E+001  0.189519125047551E+002
 -0.134071414315354E+006  0.100000000000000E+001  0.147235346390006E+002  0.300283416358906E+001  0.140026959909216E+002
 -0.133515160005733E+006  0.100000000000000E+001  0.151777464989863E+002  0.299834618393840E+001  0.112760562832672E+002
 -0.129756055053634E+006  0.100000000000000E+001  0.147341124235157E+002  0.300564806509764E+001  0.133350193405849E+002
 -0.127619018928276E+006  0.100000000000000E+001  0.146950332673926E+002  0.300763444711745E+001  0.131992047994364E+002
 -0.127180139131673E+006  0.100000000000000E+001  0.147204497508660E+002  0.300798724368121E+001  0.129955624853311E+002
 -0.122502465024107E+006  0.100000000000000E+001  0.152520948166243E+002  0.299803095289250E+001  0.973444216734338E+001
 -0.120928015974350E+006  0.100000000000000E+001  0.152621646327035E+002  0.300348336363132E+001  0.943181721156748E+001
 -0.116199059665624E+006  0.100000000000000E+001  0.155671255912851E+002  0.299517632194798E+001  0.829630307690093E+001
 -0.111739419871586E+006  0.100000000000000E+001  0.144092829898290E+002  0.300068760823727E+001  0.141354378898913E+002
 -0.108468657668041E+006  0.100000000000000E+001  0.143324413039052E+002  0.299232180021296E+001  0.145399743891564E+002
 -0.104781075793228E+006  0.100000000000000E+001  0.142025712726476E+002  0.300363622230439E+001  0.178218675756856E+002
 -0.103736948039758E+006  0.100000000000000E+001  0.147562428936501E+002  0.299501580303009E+001  0.935947089309732E+001
 -0.103066606512951E+006  0.100000000000000E+001  0.143041137611546E+002  0.299717765797164E+001  0.134513664134827E+002
 -0.102765057267942E+006  0.100000000000000E+001  0.150675811125621E+002  0.299534827390358E+001  0.814964604590882E+001
 -0.101418705866457E+006  0.100000000000000E+001  0.148698469658482E+002  0.299867889164198E+001  0.865867534737123E+001
 -0.100379817040112E+006  0.100000000000000E+001  0.143540487593637E+002  0.299862899436306E+001  0.119805292064529E+002
 -0.971102469886584E+005  0.100000000000000E+001  0.145725640370326E+002  0.299749212255716E+001  0.939099133388528E+001
 -0.965685150137711E+005  0.100000000000000E+001  0.147523643167141E+002  0.300550918644372E+001  0.846809500073516E+001
 -0.950375589675649E+005  0.100000000000000E+001  0.159733940967379E+002  0.299090928529861E+001  0.120831360950162E+002
 -0.946292088716756E+005  0.100000000000000E+001  0.146462806904008E+002  0.299876310787615E+001  0.864898283854835E+001
 -0.945760439131988E+005  0.100000000000000E+001  0.153429628597725E+002  0.300182163648194E+001  0.661448188110240E+001
 -0.939163376183812E+005  0.100000000000000E+001  0.144683804956256E+002  0.300087379535192E+001  0.945601416460620E+001
 -0.935938634609820E+005  0.100000000000000E+001  0.152185305600954E+002  0.299015675855959E+001  0.149453723095002E+002
 -0.930512946385353E+005  0.100000000000000E+001  0.148572778406727E+002  0.300514165210459E+001  0.757870034225809E+001
 -0.930339504001824E+005  0.100000000000000E+001  0.144846989918564E+002  0.300657070986549E+001  0.180979910872099E+002
 -0.880559470823881E+005  0.100000000000000E+001  0.151073565825772E+002  0.299960682788337E+001  0.939040911456792E+001
 -0.875204262824378E+005  0.100000000000000E+001  0.155576589492887E+002  0.299544405959461E+001  0.563471859058927E+001
 -0.862901783312653E+005  0.100000000000000E+001  0.143138410784438E+002  0.300802574204734E+001  0.931049669910401E+001
 -0.858403689576026E+005  0.100000000000000E+001  0.148237510360568E+002  0.299373148359746E+001  0.840236703109647E+001
 -0.846975869161647E+005  0.100000000000000E+001  0.141178243647631E+002  0.299861413422891E+001  0.122536430766692E+002
 -0.813466365323996E+005  0.100000000000000E+001  0.150986785551606E+002  0.300921654352055E+001  0.576589151611303E+001
 -0.810690317019710E+005  0.100000000000000E+001  0.145893673466402E+002  0.299397231500916E+001  0.693261423875111E+001
 -0.785711729898318E+005  0.100000000000000E+001  0.143793405576532E+002  0.300927400321800E+001  0.748519758610020E+001
 -0.782495285368017E+005  0.100000000000000E+001  0.139868661803594E+002  0.299461240917639E+001  0.162156596876572E+002
 -0.774033563419640E+005  0.100000000000000E+001  0.158858090661465E+002  0.299173837337794E+001  0.608744131433074E+001
 -0.762837902469227E+005  0.100000000000000E+001  0.148431914122828E+002  0.299941271418557E+001  0.568024918091135E+001
 -0.745728581323738E+005  0.100000000000000E+001  0.139467996620591E+002  0.300535541622557E+001  0.194997261647984E+002
 -0.744483600050630E+005  0.100000000000000E+001  0.140392140382990E+002  0.299931111383402E+001  0.100593033657658E+002
 -0.740882151587961E+005  0.100000000000000E+001  0.146478086761691E+002  0.300203984421912E+001  0.583527367988076E+001
 -0.739694814001539E+005  0.100000000000000E+001  0.149822297788613E+002  0.300385987014956E+001  0.513420118372563E+001
 -0.700510087388932E+005  0.100000000000000E+001  0.157283594009674E+002  0.299328379673204E+001  0.970505389460370E+001
 -0.699889696699737E+005  0.100000000000000E+001  0.154553638938725E+002  0.300028425154005E+001  0.114418715553973E+002
 -0.649773136719331E+005  0.100000000000000E+001  0.139429267662818E+002  0.299800631323207E+001  0.833845275493174E+001
 -0.647825959823604E+005  0.100000000000000E+001  0.138498515358915E+002  0.300276401191150E+001  0.139127540005108E+002
 -0.633732065083745E+005  0.100000000000000E+001  0.138359217106973E+002  0.300827191337014E+001  0.137630384539540E+002
 -0.609501118789898E+005  0.100000000000000E+001  0.144909020962333E+002  0.299354420078253E+001  0.103204840569140E+002
 -0.599394410882536E+005  0.100000000000000E+001  0.148335372212030E+002  0.299061323858894E+001  0.803352581723990E+001
 -0.562130107485203E+005  0.100000000000000E+001  0.138694230717711E+002  0.300701758674213E+001  0.147103736533891E+002
 -0.561694636944247E+005  0.100000000000000E+001  0.145088126508603E+002  0.299970649791153E+001  0.939938260726832E+001
 -0.546868981126619E+005  0.100000000000000E+001  0.137232165657479E+002  0.300492448947982E+001  0.159660090097584E+002
 -0.539810373269132E+005  0.100000000000000E+001  0.137041047175655E+002  0.300320466276719E+001  0.150469019256242E+002
 -0.507134555513538E+005  0.100000000000000E+001  0.136728820671233E+002  0.299459783155960E+001  0.160841277432169E+002
 -0.506512321311335E+005  0.100000000000000E+001  0.136681094671166E+002  0.300325153477659E+001  0.175302602298775E+002
 -0.505273098929123E+005  0.100000000000000E+001  0.136587609706809E+002  0.300170593612549E+001  0.144352897231456E+002
 -0.502062599428580E+005  0.100000000000000E+001  0.137523900682205E+002  0.300140357509494E+001  0.580262408653294E+001
 -0.498515748034108E+005  0.100000000000000E+001  0.143977555501843E+002  0.300026166981895E+001  0.165905939111168E+002
 -0.494227328662270E+005  0.100000000000000E+001  0.137027923063978E+002  0.300145115059451E+001  0.621328476333332E+001
 -0.494202806916388E+005  0.100000000000000E+001  0.137003103843575E+002  0.299293796541024E+001  0.115941473733631E+002
 -0.478874740521423E+005  0.100000000000000E+001  0.140501888505990E+002  0.299045891913906E+001  0.125634259959329E+002
 -0.470617331299198E+005  0.100000000000000E+001  0.136135784534852E+002  0.299503321188206E+001  0.156629874066457E+002
 -0.469212840697108E+005  0.100000000000000E+001  0.135856974364566E+002  0.299590693463070E+001  0.106899519577691E+002
 -0.468816871495033E+005  0.100000000000000E+001  0.140331418184946E+002  0.299093741121361E+001  0.149787174411409E+002
 -0.463461806007572E+005  0.100000000000000E+001  0.136253099771880E+002  0.300234024139106E+001  0.197661036957885E+002
 -0.460361403051328E+005  0.100000000000000E+001  0.135744008049085E+002  0.300075558891464E+001  0.110960183722530E+002
 -0.459577324857491E+005  0.100000000000000E+001  0.136105522152969E+002  0.299584152465103E+001  0.189247892696017E+002
 -0.458220321162044E+005  0.100000000000000E+001  0.140105469088115E+002  0.299134327005049E+001  0.114994545037271E+002
 -0.444879286801139E+005  0.100000000000000E+001  0.135778269355486E+002  0.300745428120788E+001  0.174307163476627E+002
 -0.444665241852626E+005  0.100000000000000E+001  0.135635645709006E+002  0.299515316170616E+001  0.648676402739814E+001
 -0.442256211906079E+005  0.100000000000000E+001  0.135401331769832E+002  0.300967576920690E+001  0.667196159269341E+001
 -0.437835063256727E+005  0.100000000000000E+001  0.135236111154613E+002  0.300946981001228E+001  0.769248695089745E+001
 -0.432733852463529E+005  0.100000000000000E+001  0.135297629744096E+002  0.300323694820245E+001  0.567436961754858E+001
 -0.429297006035834E+005  0.100000000000000E+001  0.135117216123790E+002  0.299275617752704E+001  0.699192462050112E+001
 -0.426392441271615E+005  0.100000000000000E+001  0.135587514245241E+002  0.299892759779846E+001  0.192650955149533E+002
 -0.420582603676586E+005  0.100000000000000E+001  0.134856085414424E+002  0.300759896758903E+001  0.631347306025236E+001
 -0.415852599404534E+005  0.100000000000000E+001  0.134603832297561E+002  0.300162697070638E+001  0.820666114564787E+001
 -0.399466664096563E+005  0.100000000000000E+001  0.134181133851990E+002  0.300347571642040E+001  0.931993988518632E+001
 -0.396606994703302E+005  0.100000000000000E+001  0.134379605258502E+002  0.299527648190922E+001  0.119448593775409E+002
 -0.392014381284499E+005  0.100000000000000E+001  0.134056013120262E+002  0.299847766538102E+001  0.740898120182292E+001
 -0.384241094057549E+005  0.100000000000000E+001  0.134650735162794E+002  0.300546251262921E+001  0.192351289111790E+002
 -0.377620317941131E+005  0.100000000000000E+001  0.136803673678873E+002  0.300695199272110E+001  0.175176326573767E+002
 -0.371811494242892E+005  0.100000000000000E+001  0.133281625351031E+002  0.300348537449100E+001  0.586125890354618E+001
 -0.371511602629163E+005  0.100000000000000E+001  0.134247077100058E+002  0.300700531409605E+001  0.642596399008440E+001
 -0.370621820460215E+005  0.100000000000000E+001  0.133350533834115E+002  0.299668529468835E+001  0.956629548503231E+001
 -0.370005376370308E+005  0.100000000000000E+001  0.139579708817660E+002  0.299346561128772E+001  0.999219843331353E+001
 -0.362072973708454E+005  0.100000000000000E+001  0.133213769610923E+002  0.299556195506770E+001  0.110495177679847E+002
 -0.357092176985556E+005  0.100000000000000E+001  0.133237437977373E+002  0.299684392705181E+001  0.130095163982601E+002
 -0.354856456777555E+005  0.100000000000000E+001  0.133764475996496E+002  0.299860029798389E+001  0.185881408787189E+002
 -0.350285904149484E+005  0.100000000000000E+001  0.133369210640985E+002  0.300340594184663E+001  0.181693339468691E+002
 -0.348913914355207E+005  0.100000000000000E+001  0.133659494696864E+002  0.299278857849490E+001  0.171820931224409E+002
 -0.345783305836846E+005  0.100000000000000E+001  0.132408350523852E+002  0.299950466253003E+001  0.594081376033053E+001
 -0.340541028097623E+005  0.100000000000000E+001  0.132047543549451E+002  0.300125104942878E+001  0.679729136061053E+001
 -0.339752883910584E+005  0.100000000000000E+001  0.132144525690041E+002  0.299484397010041E+001  0.873612870980798E+001
 -0.338439601640449E+005  0.100000000000000E+001  0.132760098183044E+002  0.300811802937222E+001  0.149869664931610E+002
 -0.337973360656669E+005  0.100000000000000E+001  0.132040659633388E+002  0.299547060461850E+001  0.870524262227205E+001
 -0.337673796516214E+005  0.100000000000000E+001  0.131958299404245E+002  0.299649938421338E+001  0.916517260368888E+001
 -0.326104226608688E+005  0.100000000000000E+001  0.131778653620728E+002  0.299573144724600E+001  0.125147634621507E+002
 -0.324500566465176E+005  0.100000000000000E+001  0.132384597944006E+002  0.300772547560854E+001  0.189565670271135E+002
 -0.322707444729333E+005  0.100000000000000E+001  0.131380540566395E+002  0.300524470432044E+001  0.102137222943776E+002
 -0.320221538334470E+005  0.100000000000000E+001  0.135268545341149E+002  0.299110431526109E+001  0.122370524107296E+002
 -0.313973128180019E+005  0.100000000000000E+001  0.130800386853895E+002  0.300439463311545E+001  0.986757857994698E+001
 -0.313750665695173E+005  0.100000000000000E+001  0.130945716431992E+002  0.300350366962893E+001  0.121729896926380E+002
 -0.313465072493635E+005  0.100000000000000E+001  0.130239532776125E+002  0.299702234703776E+001  0.509569939671294E+001
 -0.304757197440966E+005  0.100000000000000E+001  0.129455656329984E+002  0.299545808715957E+001  0.541943102559890E+001
 -0.303430701186241E+005  0.100000000000000E+001  0.130174127536599E+002  0.299497367712087E+001  0.121761539705419E+002
 -0.302673514395947E+005  0.100000000000000E+001  0.130498549461475E+002  0.299516061945334E+001  0.150364325503469E+002
 -0.302176608875552E+005  0.100000000000000E+001  0.130547414265348E+002  0.299543256140357E+001  0.164457807514598E+002
 -0.299261260979662E+005  0.100000000000000E+001  0.129639659501480E+002  0.299704858523494E+001  0.116526256381660E+002
 -0.298986227368039E+005  0.100000000000000E+001  0.133273058437520E+002  0.299000903919758E+001  0.117640095745338E+002
 -0.296251629899623E+005  0.100000000000000E+001  0.129673442079256E+002  0.299530119738961E+001  0.143012732852456E+002
 -0.295972601489697E+005  0.100000000000000E+001  0.128396514673621E+002  0.299940112673001E+001  0.559748371017371E+001
 -0.295812181777702E+005  0.100000000000000E+001  0.128257078187406E+002  0.300972696637527E+001  0.510632887000671E+001
 -0.295570167085211E+005  0.100000000000000E+001  0.129974323994922E+002  0.300176566525976E+001  0.189185792633718E+002
 -0.295542146537362E+005  0.100000000000000E+001  0.128217818710986E+002  0.300955159689255E+001  0.563006586740307E+001
 -0.294364244937579E+005  0.100000000000000E+001  0.129475115232477E+002  0.300249508178820E+001  0.147782928831492E+002
 -0.293250383278299E+005  0.100000000000000E+001  0.129268691734427E+002  0.300517051389658E+001  0.151070093397528E+002
 -0.292539881570127E+005  0.100000000000000E+001  0.127991323347545E+002  0.300874304663864E+001  0.644617625041489E+001
 -0.291701032429598E+005  0.100000000000000E+001  0.129219311302995E+002  0.300573988403159E+001  0.166527021483888E+002
 -0.289744459651645E+005  0.100000000000000E+001  0.128376978169185E+002  0.300116969276586E+001  0.120474699532131E+002
 -0.289473904973530E+005  0.100000000000000E+001  0.129182432023891E+002  0.299261081660522E+001  0.191621278571410E+002
 -0.289219982874794E+005  0.100000000000000E+001  0.128653039322884E+002  0.299693467880303E+001  0.163497972938255E+002
 -0.288949026219479E+005  0.100000000000000E+001  0.127048726784397E+002  0.300374201831396E+001  0.520050102246800E+001
 -0.288636990641849E+005  0.100000000000000E+001  0.129089595767644E+002  0.300066483655852E+001  0.165271988294804E+002
 -0.288435997803123E+005  0.100000000000000E+001  0.126987041021955E+002  0.300439561863909E+001  0.539691723728042E+001
 -0.288180338280704E+005  0.100000000000000E+001  0.126843337365707E+002  0.300385649600224E+001  0.506254726422617E+001
 -0.288105609126728E+005  0.100000000000000E+001  0.127709056671309E+002  0.299815313958481E+001  0.108794714364523E+002
 -0.288045234145278E+005  0.100000000000000E+001  0.128633332461044E+002  0.300857592510815E+001  0.176224607811030E+002
 -0.287260011967939E+005  0.100000000000000E+001  0.126633909976265E+002  0.299640304149409E+001  0.592823199910690E+001
 -0.287063792711718E+005  0.100000000000000E+001  0.134051545821051E+002  0.300649065770026E+001  0.602998490219427E+001
 -0.287052770031114E+005  0.100000000000000E+001  0.127355069252982E+002  0.299662713090747E+001  0.112793703720330E+002
 -0.286440579164222E+005  0.100000000000000E+001  0.128427451995969E+002  0.300115400308350E+001  0.190715657645457E+002
 -0.286048104313211E+005  0.100000000000000E+001  0.130770094392306E+002  0.299037574002026E+001  0.109031534585903E+002
 -0.285876234405972E+005  0.100000000000000E+001  0.126746342044343E+002  0.300262180539536E+001  0.780074037858752E+001
 -0.285637713672212E+005  0.100000000000000E+001  0.127953932698469E+002  0.300428026068590E+001  0.179519386562449E+002
 -0.285598945911628E+005  0.100000000000000E+001  0.127194723124619E+002  0.299907330931637E+001  0.115969498235825E+002
 -0.285230986442723E+005  0.100000000000000E+001  0.126170712525423E+002  0.300286190342125E+001  0.674957962120451E+001
 -0.285158861043994E+005  0.100000000000000E+001  0.127586510622853E+002  0.299512777983810E+001  0.152250232884334E+002
 -0.284986435142918E+005  0.100000000000000E+001  0.127264126868899E+002  0.299586248534831E+001  0.146967817532789E+002
 -0.284866442525123E+005  0.100000000000000E+001  0.128434429459906E+002  0.300617145073299E+001  0.149463675051971E+002
 -0.284069167554049E+005  0.100000000000000E+001  0.127163624943217E+002  0.299408480671990E+001  0.151840070032102E+002
 -0.283976204276903E+005  0.100000000000000E+001  0.126247530801833E+002  0.300423378136096E+001  0.946354081733931E+001
 -0.283937680902184E+005  0.100000000000000E+001  0.125947203998685E+002  0.299456364125132E+001  0.764112975863048E+001
 -0.283810597513967E+005  0.100000000000000E+001  0.126613887336270E+002  0.299755940321394E+001  0.107462182062303E+002
 -0.283684180227589E+005  0.100000000000000E+001  0.126614340651218E+002  0.299773897151958E+001  0.110780992029984E+002
 -0.283134022318531E+005  0.100000000000000E+001  0.127103426380384E+002  0.299706141425277E+001  0.192384595458970E+002
 -0.283099339518744E+005  0.100000000000000E+001  0.125009460240880E+002  0.300351081359919E+001  0.536549732267827E+001
 -0.282846592740362E+005  0.100000000000000E+001  0.127655773520032E+002  0.299930703100468E+001  0.189539811440362E+002
 -0.282759838713777E+005  0.100000000000000E+001  0.126439738821050E+002  0.299225384680109E+001  0.124061465313743E+002
 -0.282751070104692E+005  0.100000000000000E+001  0.125103766568734E+002  0.300797038976948E+001  0.546286851419807E+001
 -0.282682083180780E+005  0.100000000000000E+001  0.130252888784006E+002  0.299066788647116E+001  0.162758878108596E+002
 -0.282611260961679E+005  0.100000000000000E+001  0.129405915735731E+002  0.299015200330958E+001  0.103520698246391E+002
 -0.282483569419350E+005  0.100000000000000E+001  0.125175007425353E+002  0.299841838199329E+001  0.598800121695179E+001
 -0.282405183699949E+005  0.100000000000000E+001  0.126270914879262E+002  0.299265065448261E+001  0.139598881172521E+002
 -0.282388825177676E+005  0.100000000000000E+001  0.125418688310802E+002  0.299923810868202E+001  0.897500040748068E+001
 -0.282057820309740E+005  0.100000000000000E+001  0.125583630409621E+002  0.300316130687604E+001  0.142252318778459E+002
 -0.282027833303474E+005  0.100000000000000E+001  0.124889001740917E+002  0.300102018092531E+001  0.696180667641307E+001
 -0.281957652286320E+005  0.100000000000000E+001  0.126429791262912E+002  0.300944234291027E+001  0.171219885228069E+002
 -0.281926921846258E+005  0.100000000000000E+001  0.125321119664368E+002  0.300339974869619E+001  0.122293075082129E+002
 -0.281643676509493E+005  0.100000000000000E+001  0.125510422543076E+002  0.300052265969007E+001  0.751549550518223E+001
 -0.281492927273236E+005  0.100000000000000E+001  0.129407635915026E+002  0.299019446156826E+001  0.152215476991112E+002
 -0.281110326079965E+005  0.100000000000000E+001  0.129453591694132E+002  0.299081797585172E+001  0.154875664993344E+002
 -0.281086782691059E+005  0.100000000000000E+001  0.125819766145949E+002  0.300452680676132E+001  0.183830107597558E+002
 -0.280939349797207E+005  0.100000000000000E+001  0.129039456142466E+002  0.299025372578370E+001  0.156381708091304E+002
 -0.280778863473168E+005  0.100000000000000E+001  0.124067132214552E+002  0.299486223128783E+001  0.713469648016761E+001
 -0.280454305992820E+005  0.100000000000000E+001  0.124068923965202E+002  0.300817180001074E+001  0.853873327581938E+001
 -0.280409537720836E+005  0.100000000000000E+001  0.124545752728601E+002  0.299593463357853E+001  0.128873226586402E+002
 -0.280210533619801E+005  0.100000000000000E+001  0.123927182429268E+002  0.300465120314139E+001  0.111695162354855E+002
 -0.280161002071644E+005  0.100000000000000E+001  0.123962852991970E+002  0.299716087847487E+001  0.111102935468069E+002
 -0.280056015701719E+005  0.100000000000000E+001  0.124815165939976E+002  0.300418592003407E+001  0.180171818963208E+002
 -0.279964169984907E+005  0.100000000000000E+001  0.128194277840671E+002  0.299110911762207E+001  0.149003092741912E+002
 -0.279931443613190E+005  0.100000000000000E+001  0.123665184091193E+002  0.299439534231012E+001  0.110762858524938E+002
 -0.279894291478903E+005  0.100000000000000E+001  0.123991108663113E+002  0.300416313763492E+001  0.133573239855594E+002
 -0.279849369553875E+005  0.100000000000000E+001  0.123882724929875E+002  0.300243264850628E+001  0.113870976015910E+002
 -0.279840032113535E+005  0.100000000000000E+001  0.124180964662606E+002  0.300074433213713E+001  0.125326176870512E+002
 -0.279788975902556E+005  0.100000000000000E+001  0.123140876107502E+002  0.299672185997343E+001  0.885198058924560E+001
 -0.279718665325875E+005  0.100000000000000E+001  0.124235782311759E+002  0.299632692049268E+001  0.170902191589492E+002
 -0.279690439648095E+005  0.100000000000000E+001  0.124430160918998E+002  0.300389826815423E+001  0.187436198256335E+002
 -0.279580537888916E+005  0.100000000000000E+001  0.124225140149892E+002  0.299927598049942E+001  0.156137911860946E+002
 -0.279536981983149E+005  0.100000000000000E+001  0.124677277965151E+002  0.300124157675537E+001  0.197764595148258E+002
 -0.279438178412639E+005  0.100000000000000E+001  0.124020864766761E+002  0.300905901015621E+001  0.153074021806428E+002
 -0.279432484432508E+005  0.100000000000000E+001  0.123396551632025E+002  0.299692571243336E+001  0.132944015990659E+002
 -0.279334522837885E+005  0.100000000000000E+001  0.125056562257510E+002  0.299381189686711E+001  0.114042974593508E+002
 -0.279330863015532E+005  0.100000000000000E+001  0.122115365505356E+002  0.300465707216558E+001  0.815860664414151E+001
 -0.279300816064455E+005  0.100000000000000E+001  0.123111460708972E+002  0.300058209632410E+001  0.873713159011582E+001
 -0.279264403979597E+005  0.100000000000000E+001  0.122295131012493E+002  0.300452814870324E+001  0.755848801115817E+001
 -0.279237982262574E+005  0.100000000000000E+001  0.123216743486644E+002  0.300944353714849E+001  0.129050906376052E+002
 -0.279211564689293E+005  0.100000000000000E+001  0.123174399438435E+002  0.299823910021664E+001  0.133939919805492E+002
 -0.279130626299746E+005  0.100000000000000E+001  0.121666738517504E+002  0.300212813680176E+001  0.501845182064777E+001
 -0.279088333306820E+005  0.100000000000000E+001  0.125772659534772E+002  0.299118839572787E+001  0.916593819192888E+001
 -0.279021835630339E+005  0.100000000000000E+001  0.122709294940700E+002  0.300380486303167E+001  0.139921179151305E+002
 -0.278992899424702E+005  0.100000000000000E+001  0.123061554896802E+002  0.299271197110102E+001  0.140323053773238E+002
 -0.278977679679164E+005  0.100000000000000E+001  0.125106808189923E+002  0.299169740894964E+001  0.158282045979514E+002
 -0.278919782855599E+005  0.100000000000000E+001  0.122094606297363E+002  0.299652230380925E+001  0.160655542050681E+002
 -0.278917787885147E+005  0.100000000000000E+001  0.123154598963679E+002  0.299902850245403E+001  0.184684089530996E+002
 -0.278912779223858E+005  0.100000000000000E+001  0.121329527967906E+002  0.300362754171836E+001  0.834345263862696E+001
 -0.278907501000510E+005  0.100000000000000E+001  0.122082230504178E+002  0.300347700493911E+001  0.167382188284511E+002
 -0.278883137015056E+005  0.100000000000000E+001  0.123831700481537E+002  0.300713972166530E+001  0.103187681387052E+002
 -0.278848559733319E+005  0.100000000000000E+001  0.122728743095317E+002  0.300916915072759E+001  0.125885628407099E+002
 -0.278847221743171E+005  0.100000000000000E+001  0.123093204940005E+002  0.299845765188684E+001  0.155842186090782E+002
 -0.278842479323944E+005  0.100000000000000E+001  0.121183376431332E+002  0.299616054541929E+001  0.514130491852015E+001
 -0.278840617021893E+005  0.100000000000000E+001  0.121631346380921E+002  0.299617104880457E+001  0.767994173795984E+001
 -0.278831380905776E+005  0.100000000000000E+001  0.126003936586190E+002  0.299016856649069E+001  0.154622212127635E+002
 -0.278824581496421E+005  0.100000000000000E+001  0.120557020424547E+002  0.300326707076018E+001  0.101064306837526E+002
 -0.278824169303732E+005  0.100000000000000E+001  0.124967309689888E+002  0.299375912288374E+001  0.905589425508456E+001
 -0.278789035834703E+005  0.100000000000000E+001  0.122389142018956E+002  0.300365422389806E+001  0.199096729076753E+002
 -0.278781083971530E+005  0.100000000000000E+001  0.120746223123454E+002  0.300343189441797E+001  0.965289431353566E+001
 -0.278778166198312E+005  0.100000000000000E+001  0.122755946884297E+002  0.299273982886930E+001  0.140828985319132E+002
 -0.278776221084816E+005  0.100000000000000E+001  0.122753122602277E+002  0.300793011657383E+001  0.181484976727951E+002
 -0.278769279597877E+005  0.100000000000000E+001  0.122593027585383E+002  0.300139580019585E+001  0.160204875754931E+002
 -0.278766117264912E+005  0.100000000000000E+001  0.121508795745261E+002  0.299852500561515E+001  0.684596407523044E+001
 -0.278764523883824E+005  0.100000000000000E+001  0.120254698860561E+002  0.300341839229122E+001  0.680770179754333E+001
 -0.278750703547228E+005  0.100000000000000E+001  0.120969848208819E+002  0.300395733552988E+001  0.737810259047352E+001
 -0.278741386254072E+005  0.100000000000000E+001  0.121492309639481E+002  0.300307366197343E+001  0.185058991194651E+002
 -0.278733676235081E+005  0.100000000000000E+001  0.120910579308534E+002  0.299488001728839E+001  0.794975816358191E+001
 -0.278722775153906E+005  0.100000000000000E+001  0.122943082329013E+002  0.300602236496893E+001  0.176811508254399E+002
 -0.278717895254366E+005  0.100000000000000E+001  0.126496494598857E+002  0.299080330159386E+001  0.183033137378812E+002
 -0.278706849317619E+005  0.100000000000000E+001  0.121162268073717E+002  0.299526983374575E+001  0.845818961815239E+001
 -0.278705384907816E+005  0.100000000000000E+001  0.121553126096147E+002  0.300293761476440E+001  0.168195498539093E+002
 -0.278679728831597E+005  0.100000000000000E+001  0.125771011888661E+002  0.299082375057645E+001  0.122434848497215E+002
 -0.278677492264441E+005  0.100000000000000E+001  0.120231160004920E+002  0.300312573508235E+001  0.105117015328253E+002
 -0.278673307356604E+005  0.100000000000000E+001  0.120354754163397E+002  0.299445315028141E+001  0.851215282770800E+001
 -0.278646642481017E+005  0.100000000000000E+001  0.121675849195900E+002  0.299595115928362E+001  0.160193969357361E+002
 -0.278635062384849E+005  0.100000000000000E+001  0.120748101109105E+002  0.300281773146011E+001  0.982368608102749E+001
 -0.278634374894061E+005  0.100000000000000E+001  0.120567801826604E+002  0.299918163807878E+001  0.809667515965181E+001
 -0.278603807572018E+005  0.100000000000000E+001  0.124087454141892E+002  0.299029301663673E+001  0.706324001325990E+001
 -0.278592788429413E+005  0.100000000000000E+001  0.120176759460560E+002  0.300452181395829E+001  0.602626432846246E+001
 -0.278585043776001E+005  0.100000000000000E+001  0.121675371473361E+002  0.300959075058462E+001  0.188570505903421E+002
 -0.278579171300531E+005  0.100000000000000E+001  0.120284587938985E+002  0.300289116772908E+001  0.101713978180123E+002
 -0.278511060907446E+005  0.100000000000000E+001  0.123793749102760E+002  0.299108047719509E+001  0.703458660863852E+001
 -0.278500907882049E+005  0.100000000000000E+001  0.120789902183144E+002  0.300280459554302E+001  0.146148542804077E+002
 -0.278499059889524E+005  0.100000000000000E+001  0.120448922240354E+002  0.300285501600112E+001  0.134518903110576E+002
 -0.278491515447128E+005  0.100000000000000E+001  0.120340680894838E+002  0.299494792872732E+001  0.113126400969152E+002
 -0.278486850121095E+005  0.100000000000000E+001  0.120369203986211E+002  0.300353220106013E+001  0.165893772923852E+002
 -0.278485791340891E+005  0.100000000000000E+001  0.120894943479187E+002  0.300163825593857E+001  0.174782167621636E+002
 -0.278472137259040E+005  0.100000000000000E+001  0.120462472793317E+002  0.300745144910824E+001  0.126455725792063E+002
 -0.278465746539296E+005  0.100000000000000E+001  0.120192779391330E+002  0.299800018868108E+001  0.116396863078577E+002
 -0.278445887996809E+005  0.100000000000000E+001  0.121661576264186E+002  0.300905950434578E+001  0.177177750830219E+002
 -0.278445229765453E+005  0.100000000000000E+001  0.121656832473878E+002  0.299891845707874E+001  0.194678373192840E+002
 -0.278432707696072E+005  0.100000000000000E+001  0.120739030615526E+002  0.300445780545381E+001  0.149169288497778E+002
 -0.278428590306728E+005  0.100000000000000E+001  0.122022116960585E+002  0.299932121759187E+001  0.162517097940966E+002
 -0.278427323454124E+005  0.100000000000000E+001  0.120001684419604E+002  0.299686940835075E+001  0.117299013949442E+002
 -0.278418308207042E+005  0.100000000000000E+001  0.121630774847658E+002  0.299756176327932E+001  0.167821211198759E+002
 -0.278410831476422E+005  0.100000000000000E+001  0.120769383460942E+002  0.300884838795354E+001  0.143535395530380E+002
 -0.278396163536184E+005  0.100000000000000E+001  0.120357644573367E+002  0.300759705172512E+001  0.183335692378787E+002
 -0.278392858100899E+005  0.100000000000000E+001  0.120472948910749E+002  0.299591956339777E+001  0.190044490095173E+002
 -0.278385424943150E+005  0.100000000000000E+001  0.120085892870811E+002  0.299464313343461E+001  0.103231300506193E+002
 -0.278383481703301E+005  0.100000000000000E+001  0.120924344515429E+002  0.299268660580324E+001  0.151406966465103E+002
 -0.278364334971581E+005  0.100000000000000E+001  0.123886892758684E+002  0.299049324278322E+001  0.192063030376932E+002
 -0.278364288899556E+005  0.100000000000000E+001  0.123423950084640E+002  0.299046312721565E+001  0.161260063553705E+002
 -0.278363191936197E+005  0.100000000000000E+001  0.121036315952168E+002  0.299216271083725E+001  0.125012165661703E+002
 -0.278348398864456E+005  0.100000000000000E+001  0.122963012589965E+002  0.300047377457918E+001  0.662261889928515E+001
 -0.278342435335805E+005  0.100000000000000E+001  0.121530900460032E+002  0.299226876898258E+001  0.187314652680229E+002
 -0.278320778307693E+005  0.100000000000000E+001  0.125717878745971E+002  0.299954861100867E+001  0.956044135375992E+001
 -0.278306311333899E+005  0.100000000000000E+001  0.120402452464340E+002  0.300789430099532E+001  0.199529108307009E+002
 -0.278293607197003E+005  0.100000000000000E+001  0.120036411938907E+002  0.300818386946314E+001  0.152296749514340E+002
 -0.278284465827621E+005  0.100000000000000E+001  0.120405653814944E+002  0.299855874405879E+001  0.129296952766579E+002
 -0.278271650225480E+005  0.100000000000000E+001  0.124080072432822E+002  0.300067189762248E+001  0.188889956533680E+002
 -0.278266408625980E+005  0.100000000000000E+001  0.122785427864933E+002  0.299065806930012E+001  0.138922200929082E+002
 -0.278265579941679E+005  0.100000000000000E+001  0.121519551817312E+002  0.299191836604333E+001  0.177239190757033E+002
 -0.278264988601440E+005  0.100000000000000E+001  0.120237934100355E+002  0.299891449020333E+001  0.189905850667945E+002
 -0.278257226628940E+005  0.100000000000000E+001  0.121086900796018E+002  0.299180786214567E+001  0.151551394997087E+002
 -0.278245490849601E+005  0.100000000000000E+001  0.120973549872319E+002  0.299212054556200E+001  0.162034311658835E+002
 -0.278244286064647E+005  0.100000000000000E+001  0.122570298875995E+002  0.299095004523694E+001  0.768123261158298E+001
 -0.278235534233539E+005  0.100000000000000E+001  0.122628760863439E+002  0.299016975628910E+001  0.168015032353164E+002
 -0.278215104063283E+005  0.100000000000000E+001  0.120172574081242E+002  0.299754814619022E+001  0.184435940694345E+002
 -0.278190144042744E+005  0.100000000000000E+001  0.120017786329916E+002  0.299870938899369E+001  0.194681710572863E+002
 -0.278171508543799E+005  0.100000000000000E+001  0.121422763005922E+002  0.299031478157463E+001  0.189888654251626E+002
 -0.278158958921979E+005  0.100000000000000E+001  0.120137244836358E+002  0.299169706637185E+001  0.133700954572184E+002
 -0.278140959756231E+005  0.100000000000000E+001  0.120346155230646E+002  0.299204501050306E+001  0.187891735897205E+002
 -0.278137104323526E+005  0.100000000000000E+001  0.120326448524665E+002  0.299116489246985E+001  0.117984948088194E+002
 -0.278121464557720E+005  0.100000000000000E+001  0.121052931887096E+002  0.299071840716521E+001  0.177145485023317E+002
 -0.278106002141385E+005  0.100000000000000E+001  0.120301284591967E+002  0.299075411409264E+001  0.974199039905848E+001
 -0.277837186396351E+005  0.100000000000000E+001  0.120027252310686E+002  0.300050413885121E+001  0.880851696702729E+001
 -0.277708717663394E+005  0.100000000000000E+001  0.121804341952557E+002  0.299381151001913E+001  0.130130007920806E+002
 -0.277562103824506E+005  0.100000000000000E+001  0.123100820623099E+002  0.300720267250152E+001  0.187604824239814E+002
 -0.277159859216464E+005  0.100000000000000E+001  0.127399399649217E+002  0.300055953952214E+001  0.183247392297348E+002
 -0.277100229530930E+005  0.100000000000000E+001  0.129637619835524E+002  0.299296173672352E+001  0.185160228962061E+002
 -0.276887322073544E+005  0.100000000000000E+001  0.128479995389051E+002  0.300035651084022E+001  0.528275429427310E+001
 -0.276879831688618E+005  0.100000000000000E+001  0.133549584257031E+002  0.299308864361192E+001  0.190761515094346E+002
 -0.276433061812270E+005  0.100000000000000E+001  0.124307709533987E+002  0.300629832508222E+001  0.985467096234279E+001
 -0.276382580559023E+005  0.100000000000000E+001  0.124620596050705E+002  0.300698943746612E+001  0.611677116111135E+001
 -0.276272522816934E+005  0.100000000000000E+001  0.125609761452320E+002  0.299291324920370E+001  0.179747440629490E+002
 -0.276235926903357E+005  0.100000000000000E+001  0.128450393171598E+002  0.300638089968961E+001  0.667276325562598E+001
 -0.276163357067442E+005  0.100000000000000E+001  0.120186960753771E+002  0.299298420353410E+001  0.186639661644458E+002
 -0.275910737072530E+005  0.100000000000000E+001  0.126353372556890E+002  0.300699883824828E+001  0.902091358099300E+001
 -0.275877072910304E+005  0.100000000000000E+001  0.120794753031869E+002  0.300038806427707E+001  0.645842159403121E+001
 -0.275581788890401E+005  0.100000000000000E+001  0.132261272067164E+002  0.300641167087635E+001  0.111724891421107E+002
 -0.275464186788409E+005  0.100000000000000E+001  0.127761328073058E+002  0.299953841139986E+001  0.143314305288132E+002
 -0.274796755762993E+005  0.100000000000000E+001  0.122663614838747E+002  0.299370444526913E+001  0.171276544459617E+002
 -0.274484738083972E+005  0.100000000000000E+001  0.125635255991687E+002  0.299949040131714E+001  0.181466000060387E+002
 -0.274363542177255E+005  0.100000000000000E+001  0.130293823593716E+002  0.299300750164683E+001  0.179927183132198E+002
 -0.274106702599731E+005  0.100000000000000E+001  0.130833654579780E+002  0.300701678815959E+001  0.176797275792446E+002
 -0.274018809652933E+005  0.100000000000000E+001  0.124843841071018E+002  0.300633461790289E+001  0.105194331687552E+002
 -0.273873978636324E+005  0.100000000000000E+001  0.120294070816362E+002  0.299357327576785E+001  0.196566485019979E+002
 -0.273572785812293E+005  0.100000000000000E+001  0.127135493640537E+002  0.299305128212465E+001  0.100897028652322E+002
 -0.273107003729495E+005  0.100000000000000E+001  0.120355212596940E+002  0.299353962343557E+001  0.148636425157037E+002
 -0.273014888722863E+005  0.100000000000000E+001  0.123447778225486E+002  0.299956513448451E+001  0.160745192774571E+002
 -0.273004769113509E+005  0.100000000000000E+001  0.128246124022065E+002  0.299305637044604E+001  0.111138335381210E+002
 -0.272829353574069E+005  0.100000000000000E+001  0.120761464939058E+002  0.299354513013245E+001  0.620821327180848E+001
 -0.271752516960129E+005  0.100000000000000E+001  0.120458021096481E+002  0.300035442983012E+001  0.186877771654673E+002
 -0.271036391017729E+005  0.100000000000000E+001  0.130864835797574E+002  0.300688494804554E+001  0.739488467596847E+001
 -0.269967360692833E+005  0.100000000000000E+001  0.124401950033453E+002  0.299362044982239E+001  0.199272798176623E+002
 -0.269880753040538E+005  0.100000000000000E+001  0.121764602070041E+002  0.299348675813725E+001  0.125152787749615E+002
 -0.269857464433188E+005  0.100000000000000E+001  0.129477229583140E+002  0.300038260885987E+001  0.110736255575539E+002
 -0.269787867703027E+005  0.100000000000000E+001  0.125032279999815E+002  0.300639387996941E+001  0.959019108755933E+001
 -0.269637852871054E+005  0.100000000000000E+001  0.123131857813203E+002  0.299968990445433E+001  0.618321902843541E+001
 -0.269548582165284E+005  0.100000000000000E+001  0.126411679116178E+002  0.299309324770214E+001  0.103597160798936E+002
 -0.269522888468569E+005  0.100000000000000E+001  0.124652054749300E+002  0.299310263014659E+001  0.148766204561028E+002
 -0.269417298236103E+005  0.100000000000000E+001  0.125908724655412E+002  0.299365123439542E+001  0.184430124838386E+002
 -0.269150090061015E+005  0.100000000000000E+001  0.120720693240319E+002  0.300677709153341E+001  0.124883178675198E+002
 -0.268913280261105E+005  0.100000000000000E+001  0.124528382226756E+002  0.299967825881666E+001  0.641296851427637E+001
 -0.268881491328197E+005  0.100000000000000E+001  0.121637105944041E+002  0.300681405324332E+001  0.169421974964121E+002
 -0.268793666472841E+005  0.100000000000000E+001  0.130916961382065E+002  0.300031136198287E+001  0.610154255091716E+001
 -0.268655285151118E+005  0.100000000000000E+001  0.121169424197908E+002  0.300677876728737E+001  0.150791312205473E+002
 -0.268633626262753E+005  0.100000000000000E+001  0.123851364381859E+002  0.299355193746169E+001  0.939857489243792E+001
 -0.268167060365814E+005  0.100000000000000E+001  0.127516383155421E+002  0.300637282496731E+001  0.119556522288190E+002
 -0.267970616075054E+005  0.100000000000000E+001  0.125551802302673E+002  0.300638855990886E+001  0.125574399338460E+002
 -0.267787607922048E+005  0.100000000000000E+001  0.126354700622397E+002  0.299314148159766E+001  0.585772197799332E+001
 -0.267465268281682E+005  0.100000000000000E+001  0.126387551137470E+002  0.299314601662689E+001  0.559451273080115E+001
 -0.266889130818683E+005  0.100000000000000E+001  0.123292447833146E+002  0.299325784338825E+001  0.180681830069083E+002
 -0.266869123214868E+005  0.100000000000000E+001  0.132352321292891E+002  0.299355855314476E+001  0.114940513615075E+002
 -0.266691502038004E+005  0.100000000000000E+001  0.131880107675936E+002  0.299363372442042E+001  0.193614297495788E+002
 -0.266548585023384E+005  0.100000000000000E+001  0.122883086030277E+002  0.299325615010237E+001  0.500702767706461E+001
 -0.266374706203450E+005  0.100000000000000E+001  0.120753333987171E+002  0.300023556396647E+001  0.106024772185505E+002
 -0.265916357144382E+005  0.100000000000000E+001  0.131571545297338E+002  0.299360590821869E+001  0.156021871385909E+002
 -0.264199360547521E+005  0.100000000000000E+001  0.121988689441507E+002  0.299975396175654E+001  0.967215134104780E+001
 -0.263886998441380E+005  0.100000000000000E+001  0.127987848636326E+002  0.299315801678682E+001  0.677518701049952E+001
 -0.263807617050919E+005  0.100000000000000E+001  0.122183017390268E+002  0.299973193769526E+001  0.195961138879973E+002
 -0.263429275143286E+005  0.100000000000000E+001  0.124775839598958E+002  0.299347656514406E+001  0.172765387001113E+002
 -0.263113964490180E+005  0.100000000000000E+001  0.125359004501682E+002  0.299349853964296E+001  0.520817155524328E+001
 -0.263005715753779E+005  0.100000000000000E+001  0.136475749525465E+002  0.299333553803370E+001  0.103640849184091E+002
 -0.262750428181080E+005  0.100000000000000E+001  0.124922513522937E+002  0.300686065958441E+001  0.187288404044405E+002
 -0.262617960264328E+005  0.100000000000000E+001  0.135107699316233E+002  0.299345701261063E+001  0.103412087706792E+002
 -0.262067629656493E+005  0.100000000000000E+001  0.125915733136686E+002  0.299352515444150E+001  0.127779870281309E+002
 -0.261240529707893E+005  0.100000000000000E+001  0.130425940586260E+002  0.300640031747224E+001  0.137282461296602E+002
 -0.260830141845559E+005  0.100000000000000E+001  0.123700763163160E+002  0.300669371577986E+001  0.183085368637374E+002
 -0.260780642596424E+005  0.100000000000000E+001  0.124819134454812E+002  0.299336851109715E+001  0.162421045936169E+002
 -0.260707623891681E+005  0.100000000000000E+001  0.121220361443802E+002  0.299983047492176E+001  0.142628149737147E+002
 -0.260514992158016E+005  0.100000000000000E+001  0.124306143716812E+002  0.300679209738686E+001  0.150904044583929E+002
 -0.260514233568327E+005  0.100000000000000E+001  0.125456685410929E+002  0.299328496655053E+001  0.195642096763367E+002
 -0.260447393861860E+005  0.100000000000000E+001  0.125057528500531E+002  0.299344810600621E+001  0.565920175677251E+001
 -0.260090267601293E+005  0.100000000000000E+001  0.128017186923444E+002  0.299958658132067E+001  0.194647963693876E+002
 -0.260019071647554E+005  0.100000000000000E+001  0.139004202806343E+002  0.300024846042339E+001  0.140517432940751E+002
 -0.258768450436315E+005  0.100000000000000E+001  0.120795302543172E+002  0.299987409570398E+001  0.936745979218605E+001
 -0.258768239166202E+005  0.100000000000000E+001  0.125779164684432E+002  0.299326889921265E+001  0.166301918839196E+002
 -0.258609797944599E+005  0.100000000000000E+001  0.126580093560450E+002  0.299968657095242E+001  0.105924146988447E+002
 -0.258302552294679E+005  0.100000000000000E+001  0.127320757931238E+002  0.299321169623757E+001  0.612316923308205E+001
 -0.257907136216790E+005  0.100000000000000E+001  0.121624537314746E+002  0.300016432451918E+001  0.763745966081819E+001
 -0.257125172587501E+005  0.100000000000000E+001  0.125332131407346E+002  0.299972099909625E+001  0.970621434809933E+001
 -0.256886891536410E+005  0.100000000000000E+001  0.122051087943751E+002  0.300017210726475E+001  0.605613745547415E+001
 -0.256056930607245E+005  0.100000000000000E+001  0.121308313521773E+002  0.300002044052366E+001  0.171757901137797E+002
 -0.255729742144176E+005  0.100000000000000E+001  0.127642129963463E+002  0.299319657154768E+001  0.155098082327802E+002
 -0.255686862875659E+005  0.100000000000000E+001  0.133700109925123E+002  0.299316379684928E+001  0.197638919515396E+002
 -0.255673113793762E+005  0.100000000000000E+001  0.121044156034690E+002  0.299991640482073E+001  0.103565479213772E+002
 -0.255584069591432E+005  0.100000000000000E+001  0.125627597664589E+002  0.300653355125591E+001  0.178828524319518E+002
 -0.255450000143162E+005  0.100000000000000E+001  0.126775538476052E+002  0.299343869143543E+001  0.185767725532000E+002
 -0.255398395323662E+005  0.100000000000000E+001  0.123691463871969E+002  0.299977133806641E+001  0.114613447446828E+002
 -0.255020009861176E+005  0.100000000000000E+001  0.135743169296373E+002  0.300670546192482E+001  0.832260297088381E+001
 -0.254979236684439E+005  0.100000000000000E+001  0.124179056559026E+002  0.300661297152481E+001  0.663122538513014E+001
 -0.254923590209396E+005  0.100000000000000E+001  0.133246925090131E+002  0.300644780196946E+001  0.151640980674962E+002
 -0.254561691731797E+005  0.100000000000000E+001  0.128409320674321E+002  0.299352479584318E+001  0.137346675643262E+002
 -0.254433520790502E+005  0.100000000000000E+001  0.122088220733384E+002  0.300014309897850E+001  0.117987876295674E+002
 -0.253088263372611E+005  0.100000000000000E+001  0.126945640597966E+002  0.299972010614317E+001  0.819794114352679E+001
 -0.252933226899840E+005  0.100000000000000E+001  0.127704679434896E+002  0.300686179967453E+001  0.172621700575928E+002
 -0.252764707752485E+005  0.100000000000000E+001  0.126111725537766E+002  0.300653799548641E+001  0.531465762643803E+001
 -0.252712580819041E+005  0.100000000000000E+001  0.135175373640528E+002  0.299326209875100E+001  0.141439486628640E+002
 -0.252468635797591E+005  0.100000000000000E+001  0.128521907034911E+002  0.299319867736849E+001  0.153325708198908E+002
 -0.252036666861600E+005  0.100000000000000E+001  0.127590383798011E+002  0.300684276910211E+001  0.134558726458101E+002
 -0.252028330190876E+005  0.100000000000000E+001  0.132407719336460E+002  0.300645831025177E+001  0.128359905853057E+002
 -0.251516119135263E+005  0.100000000000000E+001  0.145228200257548E+002  0.299998988075169E+001  0.172216870494877E+002
 -0.250886329840248E+005  0.100000000000000E+001  0.130224594679093E+002  0.299972134619767E+001  0.648701805494379E+001
 -0.250777506594189E+005  0.100000000000000E+001  0.127352795530171E+002  0.300651929206049E+001  0.581689218082047E+001
 -0.250452393913709E+005  0.100000000000000E+001  0.129940930737790E+002  0.299349381066492E+001  0.846633089736332E+001
 -0.248686538515112E+005  0.100000000000000E+001  0.134800638248169E+002  0.299973905049596E+001  0.864797572749264E+001
 -0.248407915990671E+005  0.100000000000000E+001  0.127415004074395E+002  0.300652576914415E+001  0.676757783291173E+001
 -0.247745441145361E+005  0.100000000000000E+001  0.127877433265035E+002  0.299332323569881E+001  0.611606838906535E+001
 -0.247710476280017E+005  0.100000000000000E+001  0.134323108392604E+002  0.300682983651935E+001  0.158038748701507E+002
 -0.247690072782973E+005  0.100000000000000E+001  0.127971326340940E+002  0.299328293000944E+001  0.133376685335533E+002
 -0.247114288371072E+005  0.100000000000000E+001  0.136039254805714E+002  0.300659878568104E+001  0.126848471498633E+002
 -0.246902892690880E+005  0.100000000000000E+001  0.126503680520839E+002  0.300656186673333E+001  0.108848844321125E+002
 -0.246800666619948E+005  0.100000000000000E+001  0.128329813498961E+002  0.299328040701900E+001  0.848437354106683E+001
 -0.246725834082141E+005  0.100000000000000E+001  0.122062050059934E+002  0.300003122042276E+001  0.683797542884714E+001
 -0.246056273968521E+005  0.100000000000000E+001  0.134749479326095E+002  0.299331179231897E+001  0.865948731340389E+001
 -0.245793836933689E+005  0.100000000000000E+001  0.127841748901282E+002  0.299335421280854E+001  0.907487798589598E+001
 -0.245349973519559E+005  0.100000000000000E+001  0.129374411215400E+002  0.299325955115977E+001  0.833614459207048E+001
 -0.244991969971977E+005  0.100000000000000E+001  0.135259893612711E+002  0.299328746966852E+001  0.162954258738972E+002
 -0.244383267550654E+005  0.100000000000000E+001  0.133928056961332E+002  0.299347196028584E+001  0.148456256368422E+002
 -0.243458447312702E+005  0.100000000000000E+001  0.132130629457581E+002  0.299350984471391E+001  0.176043641826759E+002
 -0.243431969486572E+005  0.100000000000000E+001  0.132733560999899E+002  0.299974753584794E+001  0.598910988672774E+001
