Wave Flux Err
6180.0 1.0116617237960186 0.02
6180.020010005002 0.9825506383434652 0.02
6180.040020010005 1.0198729973866023 0.02
6180.060030015007 0.9983585774672288 0.02
6180.08004002001 0.9657833823183581 0.02
6180.100050025013 1.0089374103983186 0.02
6180.120060030015 1.0233088434442403 0.02
6180.140070035018 1.0045000184693589 0.02
6180.16008004002 0.9583587050966269 0.02
6180.180090045023 0.9820160757500761 0.02
6180.200100050025 0.9806653620012061 0.02
6180.220110055027 0.9839990549193686 0.02
6180.24012006003 1.0152372025887892 0.02
6180.260130065032 1.0212787156615821 0.02
6180.280140070035 0.9750222613907605 0.02
6180.300150075038 0.9669929235029328 0.02
6180.32016008004 0.975642810297054 0.02
6180.340170085043 0.978211061623116 0.02
6180.360180090045 1.0015495632927804 0.02
6180.3801900950475 0.9733953929445102 0.02
6180.40020010005 1.0282486120249665 0.02
6180.420210105052 1.0222675268558987 0.02
6180.440220110055 0.9887735522733825 0.02
6180.460230115057 1.0193812194014182 0.02
6180.48024012006 0.9932157184332571 0.02
6180.500250125063 0.9733900003262542 0.02
6180.520260130065 0.9700146016781522 0.02
6180.540270135068 1.020356013246916 0.02
6180.56028014007 0.9948232773616967 0.02
6180.5802901450725 0.9999662334080255 0.02
6180.600300150075 1.021639723669212 0.02
6180.620310155077 1.0183356673408783 0.02
6180.64032016008 1.000772032795392 0.02
6180.660330165082 1.0097652244840547 0.02
6180.680340170085 0.9428411853651314 0.02
6180.700350175088 0.9935365295769137 0.02
6180.72036018009 1.0253687789620256 0.02
6180.740370185093 0.9605768221362928 0.02
6180.760380190095 0.9963027799491389 0.02
6180.780390195097 1.0184874621151505 0.02
6180.8004002001 0.9909398177605626 0.02
6180.820410205102 1.000920388511958 0.02
6180.840420210105 0.9744504071928779 0.02
6180.860430215108 0.9973612359846671 0.02
6180.88044022011 0.9845580314679102 0.02
6180.900450225113 1.0357339029450345 0.02
6180.920460230115 0.9960731542634135 0.02
6180.940470235118 0.9945341827873816 0.02
6180.96048024012 0.9804982496707145 0.02
6180.980490245122 0.9929880016110588 0.02
6181.000500250125 0.9738303368507537 0.02
6181.020510255127 1.0129141543512414 0.02
6181.0405202601305 0.9969530733000763 0.02
6181.060530265133 1.018415242295638 0.02
6181.080540270135 0.9871415847064493 0.02
6181.100550275138 1.0046175549568401 0.02
6181.12056028014 1.0347137144982603 0.02
6181.1405702851425 0.9927808173629886 0.02
6181.160580290145 0.9935814401987799 0.02
6181.180590295147 1.0495799136197856 0.02
6181.20060030015 1.0231961030012044 0.02
6181.220610305152 0.9619589058648425 0.02
6181.2406203101555 1.0005794551001124 0.02
6181.260630315158 0.9966891598549904 0.02
6181.28064032016 0.9717703900357914 0.02
6181.300650325163 1.0135120540775042 0.02
6181.320660330165 0.9923375265140923 0.02
6181.3406703351675 0.9860859694716781 0.02
6181.36068034017 0.997880601455847 0.02
6181.380690345172 1.001169748214906 0.02
6181.400700350175 1.0365262171538603 0.02
6181.420710355178 0.9908832883014437 0.02
6181.44072036018 0.9835962837219266 0.02
6181.460730365183 0.964066564815065 0.02
6181.480740370185 1.007252488835747 0.02
6181.500750375188 1.002796669983425 0.02
6181.52076038019 1.0432457298946183 0.02
6181.540770385192 0.9986719671287382 0.02
6181.560780390195 0.999051155719491 0.02
6181.580790395197 0.9942321758112064 0.02
6181.6008004002 0.9820011161446861 0.02
6181.620810405203 1.0030403854226537 0.02
6181.640820410205 1.0229906840005756 0.02
6181.660830415208 1.0213509826221447 0.02
6181.68084042021 0.9928506446611691 0.02
6181.700850425213 1.007466924352777 0.02
6181.720860430215 0.9992170951953818 0.02
6181.740870435217 1.0009612012876923 0.02
6181.76088044022 1.014395481826996 0.02
6181.780890445222 0.9821860896214701 0.02
6181.8009004502255 1.0217196511409825 0.02
6181.820910455228 0.9871632716020617 0.02
6181.84092046023 0.9742823012443664 0.02
6181.860930465233 0.9675652178459866 0.02
6181.880940470235 1.0078332745243308 0.02
6181.900950475238 0.9804882507288832 0.02
6181.92096048024 1.041914046683743 0.02
6181.940970485242 0.9996498834869749 0.02
6181.960980490245 0.9989916994881665 0.02
6181.980990495247 1.017695761602103 0.02
6182.0010005002505 1.00378343835749 0.02
6182.021010505253 0.9732829981371498 0.02
6182.041020510255 0.9723841057969204 0.02
6182.061030515258 0.9551650134128867 0.02
6182.08104052026 1.006274343975532 0.02
6182.1010505252625 1.0022109942559632 0.02
6182.121060530265 0.9779894031029409 0.02
6182.141070535267 1.0308386108620784 0.02
6182.16108054027 1.028626838105822 0.02
6182.181090545273 0.9992610273273794 0.02
6182.201100550275 0.9911654669899389 0.02
6182.221110555278 0.9927601379389125 0.02
6182.24112056028 1.0177759118343668 0.02
6182.261130565283 1.023135740667656 0.02
6182.281140570285 1.0115418395058646 0.02
6182.3011505752875 0.9994591678049438 0.02
6182.32116058029 1.0126752073018015 0.02
6182.341170585292 1.0160720781069295 0.02
6182.361180590296 1.0208836642872472 0.02
6182.381190595298 0.9604091182051474 0.02
6182.4012006003 0.9821193220561591 0.02
6182.421210605303 0.9663596006190939 0.02
6182.441220610305 1.0128410375215022 0.02
6182.461230615308 0.997143015107781 0.02
6182.48124062031 1.0015800180336545 0.02
6182.501250625312 1.02885475700456 0.02
6182.521260630315 1.0081629467686568 0.02
6182.541270635317 0.9423221327483504 0.02
6182.561280640321 0.9938226652612595 0.02
6182.581290645323 1.0328440222630848 0.02
6182.601300650325 1.0216958714490045 0.02
6182.621310655328 1.0031223961477376 0.02
6182.64132066033 1.0169284985315217 0.02
6182.661330665333 1.0058417706682259 0.02
6182.681340670335 1.0127137271394506 0.02
6182.701350675337 0.9879976017929907 0.02
6182.72136068034 1.0218652674997049 0.02
6182.741370685343 0.9544569762720093 0.02
6182.7613806903455 1.012588552111241 0.02
6182.781390695348 1.0035755616215003 0.02
6182.80140070035 1.0042317871585886 0.02
6182.821410705353 0.9554118772864859 0.02
6182.841420710355 0.9781284988970751 0.02
6182.8614307153575 0.9861260579327842 0.02
6182.88144072036 1.005836345458913 0.02
6182.901450725362 0.9783954631297165 0.02
6182.921460730365 1.0134777437000198 0.02
6182.941470735368 0.9895060848384631 0.02
6182.9614807403705 0.990681699575412 0.02
6182.981490745373 1.0165749187570143 0.02
6183.001500750375 1.0003353789292708 0.02
6183.021510755378 1.0519332188849166 0.02
6183.04152076038 0.9834206199201515 0.02
6183.0615307653825 1.015587181342793 0.02
6183.081540770385 1.0067488462950003 0.02
6183.101550775387 0.9843932510550322 0.02
6183.121560780391 0.9911287924192478 0.02
6183.141570785393 0.9938511798160241 0.02
6183.161580790395 0.9818072051855323 0.02
6183.181590795398 0.9766936260479769 0.02
6183.2016008004 0.9796938867149904 0.02
6183.221610805403 0.9800966393256514 0.02
6183.241620810405 1.0027148219625006 0.02
6183.261630815407 0.9886131906341353 0.02
6183.28164082041 1.0189560735704697 0.02
6183.301650825412 0.9757944342493406 0.02
6183.321660830416 0.9547575549783205 0.02
6183.341670835418 1.0126460524565282 0.02
6183.36168084042 0.9716326750306422 0.02
6183.381690845423 1.0070811542078286 0.02
6183.401700850425 1.0041417229930392 0.02
6183.421710855428 1.0322594978544635 0.02
6183.44172086043 1.0150046649426543 0.02
6183.461730865432 0.992325036793035 0.02
6183.481740870435 0.9880711491332773 0.02
6183.501750875438 1.0166977978011904 0.02
6183.5217608804405 0.9965131256194132 0.02
6183.541770885443 0.95778904466267 0.02
6183.561780890445 1.00378735139456 0.02
6183.581790895448 0.9802355898347538 0.02
6183.60180090045 1.0473699721322118 0.02
6183.621810905453 1.0044130054229798 0.02
6183.641820910455 1.0264090548421496 0.02
6183.661830915457 0.9819264585824737 0.02
6183.681840920461 1.0352035705911309 0.02
6183.701850925463 0.9830210345669691 0.02
6183.7218609304655 0.9795189482002771 0.02
6183.741870935468 1.0567889519722342 0.02
6183.76188094047 0.9865318869929917 0.02
6183.781890945473 0.9857635717805121 0.02
6183.801900950475 0.9987003853394273 0.02
6183.8219109554775 1.0225728641192182 0.02
6183.84192096048 0.9696066904116194 0.02
6183.861930965482 0.983963608529671 0.02
6183.881940970486 1.0168872204066364 0.02
6183.901950975488 0.9793727434330783 0.02
6183.92196098049 1.00818384097885 0.02
6183.941970985493 0.9879169309484618 0.02
6183.961980990495 1.0490827548165023 0.02
6183.981990995498 0.9726825006078114 0.02
6184.0020010005 1.000045835562869 0.02
6184.0220110055025 1.0040541076245892 0.02
6184.042021010505 1.0072243284528068 0.02
6184.062031015508 0.9808442095415841 0.02
6184.082041020511 1.0022027366126873 0.02
6184.102051025513 1.005192289367325 0.02
6184.122061030515 0.9834392394384747 0.02
6184.142071035518 0.9795257259871284 0.02
6184.16208104052 0.981311344299539 0.02
6184.182091045523 1.0175807466642879 0.02
6184.202101050525 1.0038743709053823 0.02
6184.222111055527 1.0222133840871872 0.02
6184.24212106053 0.9634362460052175 0.02
6184.262131065533 0.9720694946361554 0.02
6184.2821410705355 0.984081253810393 0.02
6184.302151075538 1.0259792702628756 0.02
6184.32216108054 1.016583053521152 0.02
6184.342171085543 1.0194284029833902 0.02
6184.362181090545 1.0318106781463128 0.02
6184.382191095548 1.0369229062249699 0.02
6184.40220110055 1.012010827559376 0.02
6184.422211105552 1.0285219992753656 0.02
6184.442221110556 1.0235434348468453 0.02
6184.462231115558 1.0000896230284597 0.02
6184.4822411205605 1.014841045729265 0.02
6184.502251125563 0.9787917422229917 0.02
6184.522261130565 1.0218426447394218 0.02
6184.542271135568 1.0100229079525187 0.02
6184.56228114057 1.0250504733675943 0.02
6184.5822911455725 1.0187618903168505 0.02
6184.602301150575 1.0022455662724838 0.02
6184.622311155577 1.036576096572166 0.02
6184.642321160581 1.0138652680768503 0.02
6184.662331165583 0.949716037810254 0.02
6184.6823411705855 1.0273941473228534 0.02
6184.702351175588 1.0261953575919454 0.02
6184.72236118059 1.0171884579202275 0.02
6184.742371185593 0.9974758096932665 0.02
6184.762381190595 0.9883263417178568 0.02
6184.7823911955975 0.9870867571152071 0.02
6184.8024012006 1.0137257184773982 0.02
6184.822411205603 0.9972392792383308 0.02
6184.842421210606 0.9936370088383656 0.02
6184.862431215608 0.9804592509506244 0.02
6184.88244122061 0.989673887019302 0.02
6184.902451225613 1.003798321810646 0.02
6184.922461230615 1.0143213366372197 0.02
6184.942471235618 0.9662856947753402 0.02
6184.96248124062 0.9910757056766183 0.02
6184.982491245622 1.0201422192534175 0.02
6185.002501250626 1.0387334390304215 0.02
6185.022511255628 1.014449741662107 0.02
6185.042521260631 0.9964635071271241 0.02
6185.062531265633 0.9932204928752532 0.02
6185.082541270635 0.9576270700938443 0.02
6185.102551275638 1.0273229930291765 0.02
6185.12256128064 1.0456119142511207 0.02
6185.142571285643 1.0418136426410878 0.02
6185.162581290645 1.0573803796426537 0.02
6185.182591295647 1.0117023670485703 0.02
6185.202601300651 1.0183146573070847 0.02
6185.222611305653 1.018031088146985 0.02
6185.2426213106555 1.0236997078427035 0.02
6185.262631315658 1.0016361851160507 0.02
6185.28264132066 0.9933465687954153 0.02
6185.302651325663 0.9925405286211388 0.02
6185.322661330665 0.9985831925159439 0.02
6185.342671335668 0.9946651378535795 0.02
6185.36268134067 0.9848286555813097 0.02
6185.382691345673 0.9585600578400739 0.02
6185.402701350676 0.9956267012588405 0.02
6185.422711355678 1.0117734216533187 0.02
6185.4427213606805 1.0325656175552733 0.02
6185.462731365683 0.972226855138112 0.02
6185.482741370685 0.953565298964897 0.02
6185.502751375688 1.0335367378161548 0.02
6185.52276138069 0.9882581396250923 0.02
6185.5427713856925 0.9978702363385609 0.02
6185.562781390695 0.9998904938998984 0.02
6185.582791395698 1.0435778180042319 0.02
6185.602801400701 1.0183472135335396 0.02
6185.622811405703 1.0075471287289317 0.02
6185.642821410705 0.9970820475038611 0.02
6185.662831415708 0.9816330161978346 0.02
6185.68284142071 0.9703027692291291 0.02
6185.702851425713 0.9987428912880327 0.02
6185.722861430715 1.0257714378597578 0.02
6185.7428714357175 0.971416708313464 0.02
6185.762881440721 0.9734757717049914 0.02
6185.782891445723 1.007928102548882 0.02
6185.802901450726 0.9752250142896702 0.02
6185.822911455728 0.9620982081051318 0.02
6185.84292146073 1.0081795302440715 0.02
6185.862931465733 1.024982209496208 0.02
6185.882941470735 0.9628966764987852 0.02
6185.902951475738 0.9901322223545896 0.02
6185.92296148074 0.970470643462796 0.02
6185.942971485742 1.0151795151824174 0.02
6185.962981490746 1.008472031555079 0.02
6185.982991495748 0.9791266253175678 0.02
6186.0030015007505 1.0015748020728956 0.02
6186.023011505753 0.9752038462045203 0.02
6186.043021510755 1.0159006240532429 0.02
6186.063031515758 1.0246971591617606 0.02
6186.08304152076 0.97731324869937 0.02
6186.103051525763 0.98567122916783 0.02
6186.123061530765 0.9860005862589827 0.02
6186.143071535768 0.9630886995978153 0.02
6186.163081540771 1.0219409871854432 0.02
6186.183091545773 1.028234148048284 0.02
6186.2031015507755 1.0062442173455632 0.02
6186.223111555778 0.9970129056604687 0.02
6186.24312156078 0.9659260910466555 0.02
6186.263131565783 1.0055914298291702 0.02
6186.283141570785 1.0093716928220036 0.02
6186.3031515757875 0.9872052860442377 0.02
6186.323161580791 0.9683940509766177 0.02
6186.343171585793 1.0092769690399903 0.02
6186.363181590796 1.0006576890292869 0.02
6186.383191595798 1.0290447252524897 0.02
6186.4032016008005 1.0117558314772792 0.02
6186.423211605803 0.9977186834709664 0.02
6186.443221610805 0.9707953746893707 0.02
6186.463231615808 1.0069486951929518 0.02
6186.48324162081 1.0055973741797404 0.02
6186.5032516258125 0.990122531102344 0.02
6186.523261630816 0.9894932182976907 0.02
6186.543271635818 1.0121455635627088 0.02
6186.563281640821 1.0163458793239653 0.02
6186.583291645823 1.0038516748231616 0.02
6186.603301650825 0.9800409350377848 0.02
6186.623311655828 1.0120798907548927 0.02
6186.64332166083 0.9644598485952699 0.02
6186.663331665833 0.9695599497344474 0.02
6186.683341670835 1.0078949223081786 0.02
6186.703351675838 1.0374102013508042 0.02
6186.723361680841 1.0184684846651937 0.02
6186.743371685843 1.0038148432340452 0.02
6186.763381690846 1.0116609695197534 0.02
6186.783391695848 1.0281247182666828 0.02
6186.80340170085 1.029271427164848 0.02
6186.823411705853 0.9987482559347145 0.02
6186.843421710855 1.00148339688229 0.02
6186.863431715858 1.0551533178412709 0.02
6186.88344172086 1.0267777095635975 0.02
6186.903451725863 1.0092759111073306 0.02
6186.923461730866 0.966828852123852 0.02
6186.943471735868 0.9848943577921997 0.02
6186.9634817408705 1.02688060466899 0.02
6186.983491745873 0.9812191788369543 0.02
6187.003501750875 0.9647094788421929 0.02
6187.023511755878 1.038081755165335 0.02
6187.04352176088 0.9911684280218548 0.02
6187.0635317658825 1.020049891134043 0.02
6187.083541770886 0.9754779216897256 0.02
6187.103551775888 1.0368539504597598 0.02
6187.123561780891 0.977788351553312 0.02
6187.143571785893 0.995788820281284 0.02
6187.1635817908955 0.9696829531625237 0.02
6187.183591795898 1.0272127844196515 0.02
6187.2036018009 1.014939800807906 0.02
6187.223611805903 1.0350694601644586 0.02
6187.243621810905 1.0263870819021856 0.02
6187.2636318159075 1.0405408453944993 0.02
6187.283641820911 0.9983625041717833 0.02
6187.303651825913 0.9691376836225846 0.02
6187.323661830916 0.9894302647385028 0.02
6187.343671835918 1.020721940518505 0.02
6187.36368184092 0.9726274438768978 0.02
6187.383691845923 0.9980795487436531 0.02
6187.403701850925 1.0007297510902258 0.02
6187.423711855928 0.9936917435089075 0.02
6187.44372186093 1.007877398640261 0.02
6187.463731865933 0.9773162909518291 0.02
6187.483741870936 1.0221054191072072 0.02
6187.503751875938 1.0149430862382123 0.02
6187.523761880941 0.9748753771274505 0.02
6187.543771885943 1.0035955674856443 0.02
6187.563781890945 1.0266277986118362 0.02
6187.583791895948 1.0143626814460434 0.02
6187.60380190095 1.0078201080026186 0.02
6187.623811905953 0.9941915444861253 0.02
6187.643821910956 1.0129169070351627 0.02
6187.663831915958 1.0180976536466806 0.02
6187.683841920961 1.0058303940710909 0.02
6187.703851925963 1.0190909181094236 0.02
6187.7238619309655 0.9596602083325334 0.02
6187.743871935968 1.0138479388676376 0.02
6187.76388194097 0.9822841196596881 0.02
6187.783891945973 0.9913735435494875 0.02
6187.803901950975 1.0276684317898532 0.02
6187.823911955978 0.9947077030919544 0.02
6187.843921960981 1.010008410130507 0.02
6187.863931965983 1.0306897916129047 0.02
6187.883941970986 0.9916253583564296 0.02
6187.903951975988 1.0167184210366982 0.02
6187.9239619809905 1.0424156547939964 0.02
6187.943971985993 0.9887781807357374 0.02
6187.963981990995 0.9908739838534245 0.02
6187.983991995998 1.0180980828684956 0.02
6188.004002001 1.0226431330144083 0.02
6188.024012006003 1.0246891321534992 0.02
6188.044022011006 1.0038553983452378 0.02
6188.064032016008 1.0051881177209687 0.02
6188.084042021011 0.998384577284489 0.02
6188.104052026013 1.005739451400144 0.02
6188.1240620310155 0.9693741786725983 0.02
6188.144072036018 0.9833953227905685 0.02
6188.16408204102 0.9803702186967883 0.02
6188.184092046023 1.0209020459322973 0.02
6188.204102051025 0.98738811043124 0.02
6188.224112056028 0.9937223888328153 0.02
6188.244122061031 1.0018644322918506 0.02
6188.264132066033 1.0381980459852174 0.02
6188.284142071036 1.0162453237192832 0.02
6188.304152076038 0.9738859957963532 0.02
6188.32416208104 1.0161804658260993 0.02
6188.344172086043 1.033582034169312 0.02
6188.364182091045 1.0085593073159393 0.02
6188.384192096048 1.0453725066858166 0.02
6188.404202101051 1.0333732109317313 0.02
6188.424212106053 0.9801118013296362 0.02
6188.444222111056 1.0086516488363055 0.02
6188.464232116058 0.9603820104625149 0.02
6188.484242121061 0.980050785602451 0.02
6188.504252126063 1.0197793742845442 0.02
6188.524262131065 0.9754185129555432 0.02
6188.544272136068 0.9650882817897063 0.02
6188.56428214107 0.9924947753753766 0.02
6188.584292146073 1.021845283690884 0.02
6188.604302151076 1.0292868126179668 0.02
6188.624312156078 1.025586903414868 0.02
6188.644322161081 1.017983903151212 0.02
6188.664332166083 0.9941984810963382 0.02
6188.6843421710855 0.9766336617859286 0.02
6188.704352176088 1.0159104016862548 0.02
6188.72436218109 1.0347915430272103 0.02
6188.744372186093 0.9887309448676335 0.02
6188.764382191095 0.9939118016417445 0.02
6188.784392196098 0.9900257108335799 0.02
6188.804402201101 0.98346986202606 0.02
6188.824412206103 0.9877131203682973 0.02
6188.844422211106 0.9917406289067325 0.02
6188.864432216108 0.9731368617773396 0.02
6188.8844422211105 1.0388805440980693 0.02
6188.904452226113 1.0202572774495922 0.02
6188.924462231115 0.9996764479664407 0.02
6188.944472236118 0.985798501988649 0.02
6188.964482241121 0.9736971833028015 0.02
6188.984492246123 0.9955362387046776 0.02
6189.004502251126 0.9898516107568455 0.02
6189.024512256128 0.9835438179356817 0.02
6189.044522261131 0.9779075524941341 0.02
6189.064532266133 0.9824748326068062 0.02
6189.084542271135 1.041223421288252 0.02
6189.104552276138 0.9831853802452901 0.02
6189.12456228114 1.014552805553518 0.02
6189.144572286143 0.9728181254214407 0.02
6189.164582291146 1.0359782472027306 0.02
6189.184592296148 1.031027796594882 0.02
6189.204602301151 1.0205492958329767 0.02
6189.224612306153 1.0162059953906817 0.02
6189.244622311156 1.002190639986661 0.02
6189.264632316158 0.9987044620505535 0.02
6189.28464232116 0.9781852853531697 0.02
6189.304652326163 0.9975933820961793 0.02
6189.324662331165 0.9949328831162987 0.02
6189.3446723361685 0.9742099485572819 0.02
6189.364682341171 1.0172776818836777 0.02
6189.384692346173 0.986073318832826 0.02
6189.404702351176 0.9941159028200378 0.02
6189.424712356178 1.0098785842813132 0.02
6189.4447223611805 0.989808181949925 0.02
6189.464732366183 1.0007380726761668 0.02
6189.484742371185 0.9864189776232166 0.02
6189.504752376188 1.0080712203836402 0.02
6189.52476238119 0.9690019682847409 0.02
6189.5447723861935 0.9707344286481953 0.02
6189.564782391196 1.0080565545030737 0.02
6189.584792396198 1.0346860161534597 0.02
6189.604802401201 0.975998773914352 0.02
6189.624812406203 0.9918699223294866 0.02
6189.6448224112055 1.0049790051168734 0.02
6189.664832416208 1.0028376343447547 0.02
6189.68484242121 0.9988704014379085 0.02
6189.704852426213 0.9934754568965586 0.02
6189.724862431216 1.0115871891452612 0.02
6189.744872436218 1.0073350493289828 0.02
6189.764882441221 1.0040995171735283 0.02
6189.784892446223 0.9900429501126358 0.02
6189.804902451226 1.0155644901420464 0.02
6189.824912456228 1.0124905107138409 0.02
6189.84492246123 1.0419435287154892 0.02
6189.864932466233 0.9884821788669385 0.02
6189.884942471235 1.0344977814384775 0.02
6189.904952476238 0.9931326182643683 0.02
6189.924962481241 1.0175367408279326 0.02
6189.944972486243 1.0086210761287069 0.02
6189.964982491246 0.9969765318879127 0.02
6189.984992496248 0.9710910916272184 0.02
6190.005002501251 0.9927343648437336 0.02
6190.025012506253 0.9942439150935497 0.02
6190.045022511255 0.9736970406196883 0.02
6190.065032516258 1.025009160135319 0.02
6190.08504252126 1.031758108019234 0.02
6190.1050525262635 1.0193727894802678 0.02
6190.125062531266 1.0119302980520688 0.02
6190.145072536268 1.0303821308500791 0.02
6190.165082541271 1.0011223760932313 0.02
6190.185092546273 1.0210400253844703 0.02
6190.205102551276 1.0303950410487248 0.02
6190.225112556278 1.0237869962722752 0.02
6190.24512256128 0.9757625708968428 0.02
6190.265132566283 0.9838310804509486 0.02
6190.285142571286 0.9965209903420148 0.02
6190.3051525762885 0.9852844363572607 0.02
6190.325162581291 0.9942015296643082 0.02
6190.345172586293 0.9774501774076505 0.02
6190.365182591296 0.9720872836901455 0.02
6190.385192596298 1.0160672863390736 0.02
6190.4052026013005 0.9895487171071685 0.02
6190.425212606303 1.0022678399106861 0.02
6190.445222611305 1.0211192925117243 0.02
6190.465232616308 1.0094163729439394 0.02
6190.485242621311 0.9875452649848598 0.02
6190.505252626313 0.9512893327386431 0.02
6190.525262631316 0.9920302525383404 0.02
6190.545272636318 1.0164232083950802 0.02
6190.565282641321 0.9824962803807153 0.02
6190.585292646323 0.9818164354718382 0.02
6190.6053026513255 0.9652167152689912 0.02
6190.625312656328 0.9644448111267911 0.02
6190.64532266133 1.0143927555830787 0.02
6190.665332666334 0.9871154424164794 0.02
6190.685342671336 1.023065839683278 0.02
6190.705352676338 1.0333658507046422 0.02
6190.725362681341 1.0020462639241539 0.02
6190.745372686343 0.9966048333612972 0.02
6190.765382691346 0.9941830823376607 0.02
6190.785392696348 1.026244027664109 0.02
6190.80540270135 0.9847110391510124 0.02
6190.825412706353 0.9963777503441191 0.02
6190.845422711355 0.9891810988843026 0.02
6190.865432716359 0.9817309215285843 0.02
6190.885442721361 1.0339612722898979 0.02
6190.905452726363 0.9664386110906014 0.02
6190.925462731366 1.015829275715507 0.02
6190.945472736368 1.027660394721496 0.02
6190.965482741371 0.9916226118097868 0.02
6190.985492746373 0.9548077051689513 0.02
6191.005502751375 1.0122724012062965 0.02
6191.025512756378 0.990198143965331 0.02
6191.045522761381 1.0282797010093254 0.02
6191.0655327663835 0.9929058519094082 0.02
6191.085542771386 1.0068741406196842 0.02
6191.105552776388 0.978645202278571 0.02
6191.125562781391 0.9807951817965718 0.02
6191.145572786393 1.0164020117351455 0.02
6191.1655827913955 1.0318132523331622 0.02
6191.185592796398 0.9814231484920771 0.02
6191.2056028014 0.9876074823804111 0.02
6191.225612806403 1.003561635468678 0.02
6191.245622811406 1.040820955715915 0.02
6191.2656328164085 0.993154770389624 0.02
6191.285642821411 0.9988640042150645 0.02
6191.305652826413 0.990055555496296 0.02
6191.325662831416 1.0350132914086996 0.02
6191.345672836418 0.966477664197702 0.02
6191.3656828414205 1.0428129987456551 0.02
6191.385692846423 0.9792982961271858 0.02
6191.405702851425 1.0180281938898526 0.02
6191.425712856429 0.984583987566992 0.02
6191.445722861431 1.0189979310808648 0.02
6191.465732866433 0.9880637407273283 0.02
6191.485742871436 1.0073024521566831 0.02
6191.505752876438 0.9811095746240893 0.02
6191.525762881441 0.9881016763578782 0.02
6191.545772886443 0.9613220032841383 0.02
6191.565782891445 1.0210751142705896 0.02
6191.585792896448 1.01198083768031 0.02
6191.605802901451 0.9812029935687449 0.02
6191.625812906454 1.005992158591876 0.02
6191.645822911456 1.0012233337094558 0.02
6191.665832916458 1.0033493437865906 0.02
6191.685842921461 0.9881796144453794 0.02
6191.705852926463 1.0113454655146683 0.02
6191.725862931466 1.0104993158792142 0.02
6191.745872936468 0.9913603898038658 0.02
6191.76588294147 1.010854647409097 0.02
6191.785892946473 1.0124890678673997 0.02
6191.805902951476 0.989594492092089 0.02
6191.8259129564785 1.02626798436733 0.02
6191.845922961481 0.9770995161431236 0.02
6191.865932966483 0.9778393899909607 0.02
6191.885942971486 0.983926618429738 0.02
6191.905952976488 0.9795483075379916 0.02
6191.925962981491 0.9670574386417733 0.02
6191.945972986493 0.9542437989665419 0.02
6191.965982991495 0.9923130593897745 0.02
6191.985992996499 0.9534165964648814 0.02
6192.006003001501 0.9362062684044256 0.02
6192.0260130065035 0.9595414813823456 0.02
6192.046023011506 0.9305716714209227 0.02
6192.066033016508 0.9003074633888599 0.02
6192.086043021511 0.9142264391927283 0.02
6192.106053026513 0.8397465992862844 0.02
6192.1260630315155 0.8639744310170193 0.02
6192.146073036518 0.7932971830025459 0.02
6192.16608304152 0.804801672679553 0.02
6192.186093046524 0.7737476070444925 0.02
6192.206103051526 0.7355241875139474 0.02
6192.226113056528 0.6978589866417463 0.02
6192.246123061531 0.6609715394331 0.02
6192.266133066533 0.6236808139302162 0.02
6192.286143071536 0.6118140880995402 0.02
6192.306153076538 0.5582337129901408 0.02
6192.3261630815405 0.5395760750868114 0.02
6192.346173086543 0.4803017478410366 0.02
6192.366183091546 0.45355438611085436 0.02
6192.386193096549 0.48367117569193885 0.02
6192.406203101551 0.3709688364933621 0.02
6192.426213106553 0.3396362864417133 0.02
6192.446223111556 0.3342752032222143 0.02
6192.466233116558 0.2511668542128973 0.02
6192.486243121561 0.22686918780957244 0.02
6192.506253126563 0.22277509426749498 0.02
6192.526263131565 0.22104392305641474 0.02
6192.546273136568 0.2222662266963428 0.02
6192.566283141571 0.19952964921136662 0.02
6192.586293146574 0.15570616417865962 0.02
6192.606303151576 0.16131913024552316 0.02
6192.626313156578 0.14200232624620446 0.02
6192.646323161581 0.14635544564353176 0.02
6192.666333166583 0.14020861429378545 0.02
6192.686343171586 0.12396723583471791 0.02
6192.706353176588 0.13433067742594507 0.02
6192.72636318159 0.0657160648288363 0.02
6192.746373186594 0.09628793934224535 0.02
6192.766383191596 0.10897852731346333 0.02
6192.7863931965985 0.08621939187189491 0.02
6192.806403201601 0.09432056551873849 0.02
6192.826413206603 0.10372405814748625 0.02
6192.846423211606 0.1186902257979713 0.02
6192.866433216608 0.10604349755318032 0.02
6192.8864432216105 0.11874748991793721 0.02
6192.906453226613 0.13121511250275464 0.02
6192.926463231616 0.1363532816145185 0.02
6192.946473236619 0.16200100577184207 0.02
6192.966483241621 0.18152427232499788 0.02
6192.9864932466235 0.1890589447234796 0.02
6193.006503251626 0.19215810770413555 0.02
6193.026513256628 0.21355974553639126 0.02
6193.046523261631 0.19359178446010747 0.02
6193.066533266633 0.24600661729253556 0.02
6193.0865432716355 0.2939766420656715 0.02
6193.106553276638 0.2895243958197798 0.02
6193.126563281641 0.301575135284097 0.02
6193.146573286644 0.3488651316844284 0.02
6193.166583291646 0.43842919094288535 0.02
6193.186593296648 0.4312890867231387 0.02
6193.206603301651 0.4994475735738273 0.02
6193.226613306653 0.5171071168435645 0.02
6193.246623311656 0.5585415368793823 0.02
6193.266633316658 0.5953916227601961 0.02
6193.28664332166 0.6158538661688873 0.02
6193.306653326664 0.6065964099435673 0.02
6193.326663331666 0.6928289169363128 0.02
6193.346673336669 0.7056774781044016 0.02
6193.366683341671 0.728981700993715 0.02
6193.386693346673 0.7725682134283909 0.02
6193.406703351676 0.7938883703991674 0.02
6193.426713356678 0.8160884062718975 0.02
6193.446723361681 0.8289506873750344 0.02
6193.466733366683 0.8759663380081169 0.02
6193.486743371685 0.895993770464376 0.02
6193.506753376689 0.8871581323709682 0.02
6193.526763381691 0.9242810036667437 0.02
6193.5467733866935 0.9566436255771216 0.02
6193.566783391696 0.9334365723272383 0.02
6193.586793396698 0.9177158392594951 0.02
6193.606803401701 0.9540118102401185 0.02
6193.626813406703 0.9807515592465175 0.02
6193.646823411706 0.9796556497401735 0.02
6193.666833416708 0.9562094389682744 0.02
6193.686843421711 1.0104880457322596 0.02
6193.706853426714 0.9657030998791938 0.02
6193.726863431716 0.9650062218967169 0.02
6193.7468734367185 0.9767045000438606 0.02
6193.766883441721 1.0118582986029063 0.02
6193.786893446723 0.9761712915792227 0.02
6193.806903451726 1.0115641297547355 0.02
6193.826913456728 1.0255778201217356 0.02
6193.8469234617305 0.9966869406220077 0.02
6193.866933466733 0.9585379726678138 0.02
6193.886943471736 0.995278259428415 0.02
6193.906953476739 0.9555859154796722 0.02
6193.926963481741 0.9961493791538425 0.02
6193.946973486743 0.9759210410775999 0.02
6193.966983491746 0.9462839268311078 0.02
6193.986993496748 0.9876092576741752 0.02
6194.007003501751 0.952816634122662 0.02
6194.027013506753 1.0186145467855363 0.02
6194.0470235117555 0.9956871377178889 0.02
6194.067033516759 0.9988741266973087 0.02
6194.087043521761 1.015351095014543 0.02
6194.107053526764 1.0005035841817287 0.02
6194.127063531766 0.9930517566175544 0.02
6194.147073536768 0.9928535204138633 0.02
6194.167083541771 1.0014030025374363 0.02
6194.187093546773 0.9962677172082056 0.02
6194.207103551776 1.0157792788545847 0.02
6194.227113556778 0.9587391823289444 0.02
6194.247123561781 1.0068985721639256 0.02
6194.267133566784 1.0176236464782853 0.02
6194.287143571786 0.9980106458447698 0.02
6194.307153576789 1.0229539850798173 0.02
6194.327163581791 1.0060596403240756 0.02
6194.347173586793 0.9990027145117399 0.02
6194.367183591796 1.0003274050339512 0.02
6194.387193596798 0.9903718781006107 0.02
6194.407203601801 1.0106154543782122 0.02
6194.427213606803 0.9931218382885195 0.02
6194.447223611806 0.9762825186890817 0.02
6194.467233616809 0.9932470735966613 0.02
6194.487243621811 0.976685118106639 0.02
6194.5072536268135 0.9749151626092367 0.02
6194.527263631816 0.9790703700064514 0.02
6194.547273636818 0.9797741451522157 0.02
6194.567283641821 0.9698960016756262 0.02
6194.587293646823 1.0137884752256672 0.02
6194.6073036518255 0.9989232325101056 0.02
6194.627313656829 1.010077309763318 0.02
6194.647323661831 1.0044596919100128 0.02
6194.667333666834 0.9316310511849071 0.02
6194.687343671836 1.0031175077201586 0.02
6194.7073536768385 0.971373869027748 0.02
6194.727363681841 0.9610330608941593 0.02
6194.747373686843 0.9616828562698654 0.02
6194.767383691846 0.9978438083905371 0.02
6194.787393696848 0.9931466647706801 0.02
6194.8074037018505 1.0277509056403564 0.02
6194.827413706854 0.9864769865718443 0.02
6194.847423711856 1.0219742231984583 0.02
6194.867433716859 0.9646447917272195 0.02
6194.887443721861 0.9936873342995501 0.02
6194.907453726863 0.988956901927137 0.02
6194.927463731866 1.0102180048073144 0.02
6194.947473736868 1.0168701301139578 0.02
6194.967483741871 0.976057664231584 0.02
6194.987493746873 1.0319123533857109 0.02
6195.007503751876 0.9915086319110081 0.02
6195.027513756879 1.0045492120521082 0.02
6195.047523761881 0.9823714066805448 0.02
6195.067533766884 0.9859345241886189 0.02
6195.087543771886 1.0004306575701625 0.02
6195.107553776888 1.0173726216588626 0.02
6195.127563781891 1.0150167294861967 0.02
6195.147573786893 1.0278096759627615 0.02
6195.167583791896 1.0055617957333447 0.02
6195.187593796898 0.9833758854843904 0.02
6195.207603801901 1.0047393258697501 0.02
6195.227613806904 0.9941277214671498 0.02
6195.247623811906 1.0094548924536548 0.02
6195.2676338169085 1.0179327202646378 0.02
6195.287643821911 1.0466090698976351 0.02
6195.307653826913 0.9785438450678965 0.02
6195.327663831916 0.9986177513679038 0.02
6195.347673836918 1.0198541558729228 0.02
6195.367683841921 0.993045955645748 0.02
6195.387693846924 0.9641565062949776 0.02
6195.407703851926 1.0085707038053195 0.02
6195.427713856929 1.0177851878432034 0.02
6195.447723861931 0.9792254978697491 0.02
6195.4677338669335 1.0188897292257355 0.02
6195.487743871936 1.0020280044411385 0.02
6195.507753876938 1.0004635177189816 0.02
6195.527763881941 0.9936118553770918 0.02
6195.547773886943 0.9952575531793605 0.02
6195.567783891946 0.99839701093351 0.02
6195.587793896949 0.9984881677845604 0.02
6195.607803901951 0.9748345012967794 0.02
6195.627813906954 1.017998096749634 0.02
6195.647823911956 1.015703925470457 0.02
6195.667833916958 0.9872384790772215 0.02
6195.687843921961 0.9652303250225194 0.02
6195.707853926963 0.9737534136646862 0.02
6195.727863931966 1.007642083219296 0.02
6195.747873936968 1.0003787159941355 0.02
6195.767883941971 1.0040525459864964 0.02
6195.787893946974 1.0026781336912773 0.02
6195.807903951976 0.9833068975950927 0.02
6195.827913956979 0.9822847263447838 0.02
6195.847923961981 0.9924903311993505 0.02
6195.867933966983 1.0123335499544346 0.02
6195.887943971986 1.0152987474986466 0.02
6195.907953976988 1.00135140174823 0.02
6195.927963981991 1.0126191581062665 0.02
6195.947973986994 0.9949214347750851 0.02
6195.967983991996 1.0108901978499378 0.02
6195.987993996999 1.056361543594505 0.02
6196.008004002001 0.9821149458479465 0.02
6196.028014007004 0.9731620283548059 0.02
6196.048024012006 0.9761140761417592 0.02
6196.068034017008 0.9943733601837542 0.02
6196.088044022011 1.0102130989135305 0.02
6196.108054027013 1.0450622339455997 0.02
6196.128064032016 0.985322001984146 0.02
6196.148074037019 0.9878540665920744 0.02
6196.168084042021 1.0293968613309488 0.02
6196.188094047024 1.0199082379532354 0.02
6196.208104052026 1.0046544353336246 0.02
6196.2281140570285 1.00621078744107 0.02
6196.248124062031 1.0230979091407446 0.02
6196.268134067033 0.9984891740691486 0.02
6196.288144072036 1.0011223195716838 0.02
6196.308154077038 1.0144875505620778 0.02
6196.328164082041 1.0131403550499962 0.02
6196.348174087044 0.9987898787151308 0.02
6196.368184092046 1.001566423928036 0.02
6196.388194097049 0.9877547005071141 0.02
6196.408204102051 1.0172009671232212 0.02
6196.4282141070535 0.9919393283061185 0.02
6196.448224112056 1.0031469824026231 0.02
6196.468234117058 0.9904377289050393 0.02
6196.488244122061 0.9903243522424151 0.02
6196.508254127063 1.0302470872515355 0.02
6196.528264132066 1.0094361642001766 0.02
6196.548274137069 0.9881363143643398 0.02
6196.568284142071 1.020080594303969 0.02
6196.588294147074 1.0227142704437757 0.02
6196.608304152076 0.940902401982349 0.02
6196.628314157078 0.9695211496940688 0.02
6196.648324162081 1.0445007710734373 0.02
6196.668334167083 1.003890895052188 0.02
6196.688344172086 0.9998507833139112 0.02
6196.708354177089 0.9947241584068613 0.02
6196.728364182091 0.9524972560445094 0.02
6196.748374187094 0.9907015146886702 0.02
6196.768384192096 1.0158578204954132 0.02
6196.788394197099 0.993060111832402 0.02
6196.808404202101 1.020072305460919 0.02
6196.828414207103 1.0054801832496052 0.02
6196.848424212106 1.0175285861105132 0.02
6196.868434217108 0.9894882797066809 0.02
6196.8884442221115 1.02601272065682 0.02
6196.908454227114 0.986062081997665 0.02
6196.928464232116 1.0242066580988678 0.02
6196.948474237119 1.0129587646545049 0.02
6196.968484242121 0.9848759982339924 0.02
6196.9884942471235 1.0124733153257754 0.02
6197.008504252126 1.0077683034544722 0.02
6197.028514257128 0.9988657131517459 0.02
6197.048524262131 0.9680438190121592 0.02
6197.068534267133 1.018716945944439 0.02
6197.0885442721365 1.0221758037030317 0.02
6197.108554277139 1.0057026604287755 0.02
6197.128564282141 0.9680525050599603 0.02
6197.148574287144 0.9966241330534041 0.02
6197.168584292146 1.0205126119841774 0.02
6197.1885942971485 1.013743210034325 0.02
6197.208604302151 0.9904352682402869 0.02
6197.228614307153 0.9865391631252803 0.02
6197.248624312156 1.0070796807819264 0.02
6197.268634317159 1.012864950743168 0.02
6197.288644322161 1.0007600091453985 0.02
6197.308654327164 0.991550570136642 0.02
6197.328664332166 1.0100662083684289 0.02
6197.348674337169 1.0075303388873527 0.02
6197.368684342171 0.992494442810769 0.02
6197.388694347173 0.9907035993605839 0.02
6197.408704352176 1.0105338469969827 0.02
6197.428714357178 1.0048572174623562 0.02
6197.448724362181 1.0165907433719632 0.02
6197.468734367184 0.9941912423786657 0.02
6197.488744372186 0.9801068713060929 0.02
6197.508754377189 1.0055217193311543 0.02
6197.528764382191 1.0027032993344396 0.02
6197.548774387194 1.030129192146695 0.02
6197.568784392196 0.9851037358556908 0.02
6197.588794397198 0.989737838840843 0.02
6197.608804402201 1.0234694812302758 0.02
6197.628814407203 0.9965712743828626 0.02
6197.6488244122065 1.0221306579300355 0.02
6197.668834417209 0.974194503195882 0.02
6197.688844422211 1.0256073096877834 0.02
6197.708854427214 1.037880278491523 0.02
6197.728864432216 0.9660864266669708 0.02
6197.748874437219 1.0095067002551406 0.02
6197.768884442221 1.033631991616097 0.02
6197.788894447223 1.0199750242722256 0.02
6197.808904452226 0.986696426600947 0.02
6197.828914457228 0.9806374582656736 0.02
6197.8489244622315 1.0353543874315227 0.02
6197.868934467234 0.974953775830018 0.02
6197.888944472236 0.9997618955015843 0.02
6197.908954477239 1.0211679099741295 0.02
6197.928964482241 0.9817258620217182 0.02
6197.9489744872435 1.00829643759859 0.02
6197.968984492246 1.0059487039871582 0.02
6197.988994497248 1.025438199640909 0.02
6198.009004502251 1.0350012902972476 0.02
6198.029014507254 0.9767269305544654 0.02
6198.049024512256 1.0397784758827064 0.02
6198.069034517259 0.9872189811251217 0.02
6198.089044522261 0.9606289789887399 0.02
6198.109054527264 1.0132774773200448 0.02
6198.129064532266 1.0089109811903616 0.02
6198.1490745372685 0.9884598293767639 0.02
6198.169084542271 0.9780403436244238 0.02
6198.189094547273 0.9859882165765045 0.02
6198.209104552277 1.005486596799795 0.02
6198.229114557279 1.0150534981621866 0.02
6198.249124562281 0.9833491023361453 0.02
6198.269134567284 0.9995193995043326 0.02
6198.289144572286 0.971234230882275 0.02
6198.309154577289 0.9750140933151905 0.02
6198.329164582291 0.9947424354187197 0.02
6198.349174587293 0.9992600427719734 0.02
6198.369184592296 0.9655757519419759 0.02
6198.389194597298 1.0327479933468362 0.02
6198.4092046023015 0.962184827508494 0.02
6198.429214607304 1.0112801834157525 0.02
6198.449224612306 0.9752057266697018 0.02
6198.469234617309 0.9884180225272715 0.02
6198.489244622311 1.009452636739811 0.02
6198.509254627314 1.0271776611718955 0.02
6198.529264632316 1.0042144007532254 0.02
6198.549274637318 0.9799051550411226 0.02
6198.569284642321 1.0393216169797606 0.02
6198.589294647324 1.0236361062741226 0.02
6198.6093046523265 0.9878958209617081 0.02
6198.629314657329 0.9991291059279672 0.02
6198.649324662331 1.007504292180371 0.02
6198.669334667334 1.0069211978394454 0.02
6198.689344672336 1.0052792054171458 0.02
6198.7093546773385 1.0644258971057854 0.02
6198.729364682341 0.995887628392444 0.02
6198.749374687343 0.9907787245829598 0.02
6198.769384692346 0.9785470448070259 0.02
6198.789394697349 1.0033665118609816 0.02
6198.8094047023515 1.02178482033627 0.02
6198.829414707354 0.9963209449915309 0.02
6198.849424712356 1.0030422378110229 0.02
6198.869434717359 0.9625019896727786 0.02
6198.889444722361 1.0067375802627119 0.02
6198.9094547273635 0.9773689408974121 0.02
6198.929464732366 0.9906046912183841 0.02
6198.949474737368 0.9700743906543281 0.02
6198.969484742372 0.9659082836180146 0.02
6198.989494747374 0.9942409581178434 0.02
6199.009504752376 0.9930605327347113 0.02
6199.029514757379 1.035381281202299 0.02
6199.049524762381 1.023741354201028 0.02
6199.069534767384 1.0175345634636301 0.02
6199.089544772386 0.9912875333207766 0.02
6199.109554777388 1.0108494689311345 0.02
6199.129564782391 0.9815808656247844 0.02
6199.149574787393 1.0054252285529421 0.02
6199.169584792397 0.9513362671910947 0.02
6199.189594797399 1.0022020909077247 0.02
6199.209604802401 0.9909095564679832 0.02
6199.229614807404 1.0023217518715475 0.02
6199.249624812406 0.9889618974424293 0.02
6199.269634817409 1.0064994944616423 0.02
6199.289644822411 1.0090472746244978 0.02
6199.309654827413 1.0164538852301725 0.02
6199.329664832416 0.9951091873429788 0.02
6199.349674837419 1.0060536819937218 0.02
6199.3696848424215 0.9751448558039758 0.02
6199.389694847424 1.000295471409727 0.02
6199.409704852426 1.037583399600855 0.02
6199.429714857429 0.9942639463628713 0.02
6199.449724862431 1.0055943756905121 0.02
6199.4697348674335 1.0216715631253646 0.02
6199.489744872436 1.0051552970104722 0.02
6199.509754877438 0.9732484838624436 0.02
6199.529764882442 1.0273162610126305 0.02
6199.549774887444 0.9859868413331367 0.02
6199.5697848924465 1.0066957334716136 0.02
6199.589794897449 0.99459525525238 0.02
6199.609804902451 1.0197415469912088 0.02
6199.629814907454 0.9948667647606304 0.02
6199.649824912456 1.005352424599513 0.02
6199.6698349174585 0.9770598378185469 0.02
6199.689844922461 1.0048484707493643 0.02
6199.709854927463 0.9721555777573634 0.02
6199.729864932467 0.9971815020312773 0.02
6199.749874937469 1.0016433197516041 0.02
6199.769884942471 1.0215502676691097 0.02
6199.789894947474 1.0074288333376191 0.02
6199.809904952476 1.022312776201642 0.02
6199.829914957479 0.9940723206636158 0.02
6199.849924962481 0.9835287940210228 0.02
6199.8699349674835 0.9844310398302641 0.02
6199.889944972486 1.0382140424814141 0.02
6199.909954977489 0.9848615808068659 0.02
6199.929964982492 1.0118094495822423 0.02
6199.949974987494 1.003126890580117 0.02
6199.969984992496 0.9585834351899754 0.02
6199.989994997499 0.971914914574845 0.02
6200.010005002501 0.994908496695528 0.02
6200.030015007504 1.0286484246444023 0.02
6200.050025012506 0.9881355146112915 0.02
6200.070035017508 0.9968730000868402 0.02
6200.090045022511 0.9760537882929236 0.02
6200.110055027514 0.9849074886063092 0.02
6200.1300650325165 1.0132627596833366 0.02
6200.150075037519 0.9827604203400091 0.02
6200.170085042521 1.0055699839853358 0.02
6200.190095047524 1.006219148568474 0.02
6200.210105052526 0.9870100142217348 0.02
6200.230115057529 1.0201990332646864 0.02
6200.250125062531 1.013121248549108 0.02
6200.270135067533 1.0456351570754676 0.02
6200.290145072537 1.000962248409952 0.02
6200.310155077539 1.0028651961708375 0.02
6200.3301650825415 0.9914216201996702 0.02
6200.350175087544 1.0134725385049639 0.02
6200.370185092546 1.0144642755473665 0.02
6200.390195097549 0.9871730993292557 0.02
6200.410205102551 1.0320809882882176 0.02
6200.4302151075535 1.0128461583293362 0.02
6200.450225112556 0.9878044532019501 0.02
6200.470235117558 0.9847487076371111 0.02
6200.490245122562 1.0047859917984094 0.02
6200.510255127564 0.9963845200910108 0.02
6200.5302651325665 1.0215456421885025 0.02
6200.550275137569 1.0152474247880108 0.02
6200.570285142571 1.022775788233535 0.02
6200.590295147574 1.0045131707761674 0.02
6200.610305152576 1.0254620648768868 0.02
6200.6303151575785 1.0119015008253915 0.02
6200.650325162581 0.9750767883807027 0.02
6200.670335167584 0.9750623236219804 0.02
6200.690345172587 1.001116700713203 0.02
6200.710355177589 0.9787444216524321 0.02
6200.730365182591 0.9823922049976335 0.02
6200.750375187594 1.0140849984635378 0.02
6200.770385192596 0.9966336752386363 0.02
6200.790395197599 1.0307236327211244 0.02
6200.810405202601 1.009578618906547 0.02
6200.830415207603 1.0191090085464636 0.02
6200.850425212607 1.0414199764879284 0.02
6200.870435217609 1.0184425012508755 0.02
6200.890445222612 0.9812339919888019 0.02
6200.910455227614 1.0147486220312183 0.02
6200.930465232616 0.9848930231425455 0.02
6200.950475237619 1.0091801933326172 0.02
6200.970485242621 1.0013236531521288 0.02
6200.990495247624 0.9793382370721232 0.02
6201.010505252626 1.0008389614015172 0.02
6201.030515257628 0.9496699290743927 0.02
6201.050525262632 1.0104137449980484 0.02
6201.070535267634 1.0279488784192188 0.02
6201.0905452726365 0.9864094312130338 0.02
6201.110555277639 1.0158244072023943 0.02
6201.130565282641 0.9766057955454535 0.02
6201.150575287644 1.0148355975756747 0.02
6201.170585292646 0.9850265774600795 0.02
6201.1905952976485 1.02892455984095 0.02
6201.210605302651 0.9980151478079948 0.02
6201.230615307654 1.002374785722732 0.02
6201.250625312657 0.9553991001271539 0.02
6201.270635317659 1.0052273056968717 0.02
6201.2906453226615 0.9744452314513299 0.02
6201.310655327664 0.9741058425283451 0.02
6201.330665332666 0.9816220009492908 0.02
6201.350675337669 1.0042349612798627 0.02
6201.370685342671 0.983686007862546 0.02
6201.3906953476735 1.0063134473441222 0.02
6201.410705352676 0.9928416467404141 0.02
6201.430715357679 1.0068228090627422 0.02
6201.450725362682 1.0014307289684994 0.02
6201.470735367684 0.9854233530942854 0.02
6201.490745372686 1.0120047675722779 0.02
6201.510755377689 1.0052577071109596 0.02
6201.530765382691 1.0176664922348215 0.02
6201.550775387694 0.9732749402955863 0.02
6201.570785392696 1.0017375392231038 0.02
6201.5907953976985 0.9919022824589185 0.02
6201.610805402702 1.0308867094345329 0.02
6201.630815407704 0.986840580172688 0.02
6201.650825412707 0.9842144223925855 0.02
6201.670835417709 0.9997464472276372 0.02
6201.690845422711 1.015802390429695 0.02
6201.710855427714 1.002042847172751 0.02
6201.730865432716 1.0028178100056184 0.02
6201.750875437719 0.9950319090780915 0.02
6201.770885442721 0.9858914168228226 0.02
6201.790895447723 0.9890621848465146 0.02
6201.810905452727 1.0177808265014163 0.02
6201.830915457729 0.9725497080815589 0.02
6201.8509254627315 0.986829045994669 0.02
6201.870935467734 1.0138659740584277 0.02
6201.890945472736 1.0111551934512621 0.02
6201.910955477739 0.9860780681170622 0.02
6201.930965482741 0.9917017741086336 0.02
6201.950975487744 1.0210023386281433 0.02
6201.970985492746 0.9982627338907678 0.02
6201.990995497749 1.0277186785390222 0.02
6202.011005502752 0.9897010191466309 0.02
6202.031015507754 1.0033589580561926 0.02
6202.0510255127565 0.9760846787647637 0.02
6202.071035517759 1.0349138860681981 0.02
6202.091045522761 1.010170295331062 0.02
6202.111055527764 0.9856324289254257 0.02
6202.131065532766 0.975852071300117 0.02
6202.1510755377685 0.9500877631355964 0.02
6202.171085542772 0.9728656053507774 0.02
6202.191095547774 0.9726509980103084 0.02
6202.211105552777 1.0089106328518143 0.02
6202.231115557779 1.018178174064334 0.02
6202.251125562781 1.001095815550673 0.02
6202.271135567784 0.9950903436206896 0.02
6202.291145572786 0.9497864101249683 0.02
6202.311155577789 0.97144733094224 0.02
6202.331165582791 0.9859209510518044 0.02
6202.3511755877935 0.927687919807019 0.02
6202.371185592797 0.9426575799130552 0.02
6202.391195597799 0.9653359803214598 0.02
6202.411205602802 0.9296977234657992 0.02
6202.431215607804 0.905154172455532 0.02
6202.451225612806 0.894810294304356 0.02
6202.471235617809 0.8922779134355471 0.02
6202.491245622811 0.8826722897442264 0.02
6202.511255627814 0.8795220430716825 0.02
6202.531265632816 0.8204003798977935 0.02
6202.551275637819 0.8378951311828895 0.02
6202.571285642822 0.7677294791067603 0.02
6202.591295647824 0.7789395957985916 0.02
6202.611305652827 0.7103171027564669 0.02
6202.631315657829 0.6779983789966672 0.02
6202.651325662831 0.667939716642859 0.02
6202.671335667834 0.66432514383866 0.02
6202.691345672836 0.6229287024960943 0.02
6202.711355677839 0.5857145435707324 0.02
6202.731365682841 0.5926419387865064 0.02
6202.751375687844 0.5522829777775131 0.02
6202.771385692847 0.5643781801799632 0.02
6202.791395697849 0.4688696818633519 0.02
6202.8114057028515 0.4399960857343858 0.02
6202.831415707854 0.4492591287375306 0.02
6202.851425712856 0.41065618679802646 0.02
6202.871435717859 0.4022862093113147 0.02
6202.891445722861 0.42792481125704523 0.02
6202.9114557278635 0.3816315861495158 0.02
6202.931465732867 0.351454707780979 0.02
6202.951475737869 0.3778309265839882 0.02
6202.971485742872 0.3360244926653815 0.02
6202.991495747874 0.3465857950247208 0.02
6203.0115057528765 0.34316812282687753 0.02
6203.031515757879 0.32848907442640063 0.02
6203.051525762881 0.341986351347669 0.02
6203.071535767884 0.3156273948189762 0.02
6203.091545772886 0.2732412914143465 0.02
6203.1115557778885 0.37374715269852715 0.02
6203.131565782892 0.3483942083281651 0.02
6203.151575787894 0.3347312033768624 0.02
6203.171585792897 0.3385316540529152 0.02
6203.191595797899 0.35935802459723093 0.02
6203.211605802901 0.38728641201690095 0.02
6203.231615807904 0.3660321950218714 0.02
6203.251625812906 0.36368532815959176 0.02
6203.271635817909 0.40090225274945757 0.02
6203.291645822911 0.4274469002458959 0.02
6203.311655827914 0.44410425728049413 0.02
6203.331665832917 0.4461244384811946 0.02
6203.351675837919 0.48879101794138957 0.02
6203.371685842922 0.48689559153817424 0.02
6203.391695847924 0.5044406713182155 0.02
6203.411705852926 0.5468763609111121 0.02
6203.431715857929 0.58543371689187 0.02
6203.451725862931 0.620724912397199 0.02
6203.471735867934 0.6447483135093874 0.02
6203.491745872937 0.6091583086552561 0.02
6203.511755877939 0.6590891870769569 0.02
6203.531765882942 0.7071031510709207 0.02
6203.551775887944 0.7514507276897586 0.02
6203.5717858929465 0.7562238050487967 0.02
6203.591795897949 0.7955670194773071 0.02
6203.611805902951 0.8025601903536876 0.02
6203.631815907954 0.8862923194217713 0.02
6203.651825912956 0.8433249364435583 0.02
6203.671835917959 0.8927854045204583 0.02
6203.691845922962 0.9018296064675035 0.02
6203.711855927964 0.9097525564352988 0.02
6203.731865932967 0.9043553776431374 0.02
6203.751875937969 0.9192990481100137 0.02
6203.7718859429715 0.9231314277905537 0.02
6203.791895947974 0.9793780110843798 0.02
6203.811905952976 0.9991566049919294 0.02
6203.831915957979 0.9271246041086929 0.02
6203.851925962981 0.9754910288980747 0.02
6203.871935967984 0.9878618122441016 0.02
6203.891945972987 0.9748294865117182 0.02
6203.911955977989 0.9714424262273815 0.02
6203.931965982992 1.005634355434613 0.02
6203.951975987994 0.976808067603187 0.02
6203.971985992996 0.9732833775396446 0.02
6203.991995997999 0.9931491353978833 0.02
6204.012006003001 0.9736789277574088 0.02
6204.032016008004 1.017211679481751 0.02
6204.052026013006 0.975731598312506 0.02
6204.072036018009 0.9748271311650811 0.02
6204.092046023012 0.9829035821158942 0.02
6204.112056028014 0.9940526059837522 0.02
6204.132066033017 0.9904377339615099 0.02
6204.152076038019 1.0126139137236732 0.02
6204.172086043021 0.9845665002353982 0.02
6204.192096048024 0.9952705278433727 0.02
6204.212106053026 1.0098412543858648 0.02
6204.232116058029 1.0133442225139022 0.02
6204.252126063032 1.031927505118909 0.02
6204.272136068034 0.9795364087314004 0.02
6204.292146073037 0.9921009525089699 0.02
6204.312156078039 0.966905458298561 0.02
6204.332166083042 1.0291027977733982 0.02
6204.352176088044 1.038604135410244 0.02
6204.372186093046 1.0021371750481833 0.02
6204.392196098049 0.9977334890924503 0.02
6204.412206103051 1.0119462084652686 0.02
6204.432216108054 0.9772127247329225 0.02
6204.452226113057 0.9839164841110536 0.02
6204.472236118059 1.0005729200012554 0.02
6204.492246123062 1.0044858510182944 0.02
6204.512256128064 1.0079230062538143 0.02
6204.5322661330665 0.9963819369728012 0.02
6204.552276138069 1.0178126005020127 0.02
6204.572286143071 0.9999353119470629 0.02
6204.592296148074 0.9546179463119958 0.02
6204.612306153076 0.9706774887322993 0.02
6204.632316158079 1.028698702780536 0.02
6204.652326163082 0.9548322952485151 0.02
6204.672336168084 0.9890950221742827 0.02
6204.692346173087 1.010736911167355 0.02
6204.712356178089 0.988803587968754 0.02
6204.7323661830915 1.0030036166734766 0.02
6204.752376188094 1.021097646866301 0.02
6204.772386193096 0.9966402317035647 0.02
6204.792396198099 1.004589732534126 0.02
6204.812406203102 0.999857215611968 0.02
6204.832416208104 0.9964543075425895 0.02
6204.852426213107 0.9860990337909677 0.02
6204.872436218109 1.0171184091012575 0.02
6204.892446223112 1.0076752503072814 0.02
6204.912456228114 1.0061368506946553 0.02
6204.932466233116 1.005736358479374 0.02
6204.952476238119 0.9917640927132076 0.02
6204.972486243121 1.0123253142216366 0.02
6204.992496248124 0.9825299700040967 0.02
6205.012506253127 0.9833632659921462 0.02
6205.032516258129 0.9896113556702849 0.02
6205.052526263132 1.0035408309814429 0.02
6205.072536268134 0.9932916453144808 0.02
6205.092546273137 0.9990331813039852 0.02
6205.112556278139 1.0032080240476466 0.02
6205.132566283141 1.0164757992397147 0.02
6205.152576288144 1.0041052144985783 0.02
6205.172586293146 0.9460729119329179 0.02
6205.1925962981495 0.9768707565773059 0.02
6205.212606303152 0.9995929529940698 0.02
6205.232616308154 0.9650463408870865 0.02
6205.252626313157 0.9876637216946218 0.02
6205.272636318159 0.9935646420662557 0.02
6205.2926463231615 1.003210401940963 0.02
6205.312656328164 1.0166718085455801 0.02
6205.332666333166 1.0102766474952858 0.02
6205.352676338169 0.9428645100878003 0.02
6205.372686343171 0.9943863413393921 0.02
6205.3926963481745 1.0046207763962853 0.02
6205.412706353177 0.9767068875377475 0.02
6205.432716358179 0.9973618832002817 0.02
6205.452726363182 1.0358049973799592 0.02
6205.472736368184 1.031929683067518 0.02
6205.4927463731865 0.9728034082965495 0.02
6205.512756378189 1.0087727730551848 0.02
6205.532766383191 0.9906471512582278 0.02
6205.552776388194 1.0185828897925548 0.02
6205.572786393197 0.9993536679845728 0.02
6205.592796398199 0.9772071023842502 0.02
6205.612806403202 0.9942402005009642 0.02
6205.632816408204 0.9669703756650256 0.02
6205.652826413207 0.9929993575012738 0.02
6205.672836418209 0.99059748347148 0.02
6205.692846423211 1.0408527919347499 0.02
6205.712856428214 0.9794033272793716 0.02
6205.732866433216 1.0006537168523657 0.02
6205.752876438219 0.9905511430208886 0.02
6205.772886443222 0.9994683954649647 0.02
6205.792896448224 1.0108909709733456 0.02
6205.812906453227 0.9844673472042812 0.02
6205.832916458229 1.0140519920102773 0.02
6205.852926463232 1.0051546144899735 0.02
6205.872936468234 0.9593368273211201 0.02
6205.892946473236 1.0454670847665257 0.02
6205.912956478239 1.0327174348440238 0.02
6205.932966483241 0.9837970814844327 0.02
6205.9529764882445 0.9955017371229345 0.02
6205.972986493247 0.9835794606479193 0.02
6205.992996498249 0.9735156611369988 0.02
6206.013006503252 0.969721610225657 0.02
6206.033016508254 0.9956135184044563 0.02
6206.053026513257 0.9698899033720448 0.02
6206.073036518259 0.9896720589616694 0.02
6206.093046523261 1.0030473240845996 0.02
6206.113056528264 1.0058060293622941 0.02
6206.133066533267 1.013504496277131 0.02
6206.1530765382695 0.9892217866243243 0.02
6206.173086543272 1.0172773399194617 0.02
6206.193096548274 0.9897529620501386 0.02
6206.213106553277 1.0358844493296078 0.02
6206.233116558279 1.0108726271938355 0.02
6206.2531265632815 0.9579798742761876 0.02
6206.273136568284 0.9900354404060926 0.02
6206.293146573286 1.0075869173962053 0.02
6206.313156578289 1.0309524771113665 0.02
6206.333166583292 1.001826047576967 0.02
6206.353176588294 0.9615613263358671 0.02
6206.373186593297 0.9384279492026003 0.02
6206.393196598299 1.0106215494426285 0.02
6206.413206603302 1.0228452912623742 0.02
6206.433216608304 0.9959580296897353 0.02
6206.4532266133065 0.989420910571385 0.02
6206.473236618309 0.9891525496527841 0.02
6206.493246623311 1.012429203322375 0.02
6206.513256628315 1.0126398134220433 0.02
6206.533266633317 0.9888744562827556 0.02
6206.553276638319 0.9878778095297264 0.02
6206.573286643322 0.9867386244721884 0.02
6206.593296648324 0.9963596000588377 0.02
6206.613306653327 0.9927959335270461 0.02
6206.633316658329 1.0032963704524005 0.02
6206.653326663331 1.013861924839128 0.02
6206.673336668334 1.00297518680505 0.02
6206.693346673336 1.008906486850776 0.02
6206.71335667834 1.0138267539531918 0.02
6206.733366683342 1.0136271555462668 0.02
6206.753376688344 1.0262415522391686 0.02
6206.773386693347 0.9847477710845461 0.02
6206.793396698349 0.99535721520966 0.02
6206.813406703352 0.983492596704677 0.02
6206.833416708354 0.9741076011340222 0.02
6206.853426713356 1.0138337452151442 0.02
6206.873436718359 0.9915188954144778 0.02
6206.893446723362 0.9843223373332367 0.02
6206.9134567283645 1.01577672533136 0.02
6206.933466733367 1.015281398669855 0.02
6206.953476738369 0.9918106881135333 0.02
6206.973486743372 1.0107010431743502 0.02
6206.993496748374 1.0490906085602272 0.02
6207.0135067533765 1.0695379368239541 0.02
6207.033516758379 1.0411702421585143 0.02
6207.053526763381 0.9692292821862709 0.02
6207.073536768384 1.0122784781267047 0.02
6207.093546773387 0.9983365366328788 0.02
6207.1135567783895 0.951728693909987 0.02
6207.133566783392 0.9832971669835878 0.02
6207.153576788394 1.0245973580963863 0.02
6207.173586793397 1.015729003757537 0.02
6207.193596798399 0.9879592165995514 0.02
6207.2136068034015 1.019235419246679 0.02
6207.233616808404 0.9648127744576597 0.02
6207.253626813406 0.991562688989608 0.02
6207.27363681841 0.9816470536225593 0.02
6207.293646823412 1.0161256295052234 0.02
6207.313656828414 0.9958370200676226 0.02
6207.333666833417 0.9748899029752633 0.02
6207.353676838419 0.9852847516351667 0.02
6207.373686843422 1.0075605335501565 0.02
6207.393696848424 0.9708316019756315 0.02
6207.413706853426 1.002175330211416 0.02
6207.433716858429 1.0032821987256466 0.02
6207.453726863432 0.981012790749853 0.02
6207.473736868435 1.018551339761154 0.02
6207.493746873437 0.9978397421431907 0.02
6207.513756878439 0.9960664447862683 0.02
6207.533766883442 1.0090746498514838 0.02
6207.553776888444 1.0195108820163483 0.02
6207.573786893447 0.9989820287092761 0.02
6207.593796898449 0.9833508956281701 0.02
6207.613806903451 1.017937432231659 0.02
6207.633816908454 0.9780954724558178 0.02
6207.653826913457 1.0217529637860558 0.02
6207.6738369184595 1.0021852099164394 0.02
6207.693846923462 0.9990144228869403 0.02
6207.713856928464 0.9980698622336985 0.02
6207.733866933467 0.9999092135372344 0.02
6207.753876938469 1.0063980393980134 0.02
6207.773886943472 0.9829682296777844 0.02
6207.793896948474 1.0005573304056394 0.02
6207.813906953476 0.9590583555946066 0.02
6207.83391695848 1.0003542563406038 0.02
6207.853926963482 1.031326413177084 0.02
6207.8739369684845 0.9804100220213994 0.02
6207.893946973487 0.9848479326658263 0.02
6207.913956978489 1.0312481044431063 0.02
6207.933966983492 0.9545801037478443 0.02
6207.953976988494 1.006980941730148 0.02
6207.9739869934965 0.9978669677103381 0.02
6207.993996998499 0.9814801652559796 0.02
6208.014007003501 0.982106661035501 0.02
6208.034017008505 1.0260088835860801 0.02
6208.054027013507 1.0256409808764742 0.02
6208.074037018509 1.0086421815472433 0.02
6208.094047023512 0.9833779770131473 0.02
6208.114057028514 1.012710217460751 0.02
6208.134067033517 1.0405677588384807 0.02
6208.154077038519 0.9676198991664767 0.02
6208.1740870435215 1.00625741639608 0.02
6208.194097048524 1.0059040816137015 0.02
6208.214107053527 1.017854119934445 0.02
6208.23411705853 1.0121249047296021 0.02
6208.254127063532 0.9688915272952944 0.02
6208.274137068534 0.9886579633558725 0.02
6208.294147073537 0.9845686832774225 0.02
6208.314157078539 1.0301781584409486 0.02
6208.334167083542 0.9899187275247116 0.02
6208.354177088544 1.0139769904169622 0.02
6208.374187093546 1.0257875372996867 0.02
6208.394197098549 0.9689350224744504 0.02
6208.414207103552 1.0372568590161055 0.02
6208.434217108555 0.9986424102428633 0.02
6208.454227113557 0.9610662064816966 0.02
6208.474237118559 0.9812497912227895 0.02
6208.494247123562 0.9744108452934969 0.02
6208.514257128564 1.022201368752011 0.02
6208.534267133567 1.0088987226748727 0.02
6208.554277138569 0.9823682050840112 0.02
6208.574287143571 0.9982170058107793 0.02
6208.594297148575 0.9966372406182901 0.02
6208.614307153577 1.0387021767866376 0.02
6208.6343171585795 0.9720665424572572 0.02
6208.654327163582 0.9995743067120623 0.02
6208.674337168584 1.011957653610785 0.02
6208.694347173587 0.9890613277985649 0.02
6208.714357178589 1.0133843110379397 0.02
6208.7343671835915 0.967735037854838 0.02
6208.754377188594 0.9940367032257631 0.02
6208.774387193597 0.9943243921578472 0.02
6208.7943971986 1.042433195948304 0.02
6208.814407203602 1.0099848569837402 0.02
6208.8344172086045 1.0199688358576753 0.02
6208.854427213607 1.007995096292517 0.02
6208.874437218609 0.9958292215805895 0.02
6208.894447223612 0.9627793767838829 0.02
6208.914457228614 0.9781977538370045 0.02
6208.9344672336165 0.9779390015919145 0.02
6208.954477238619 0.9770633302042132 0.02
6208.974487243622 1.004213636262566 0.02
6208.994497248625 0.984811984888823 0.02
6209.014507253627 0.9845892984159306 0.02
6209.034517258629 1.004472352471568 0.02
6209.054527263632 1.01504212995451 0.02
6209.074537268634 1.0106072641151624 0.02
6209.094547273637 1.0092440987202485 0.02
6209.114557278639 0.9787249790480185 0.02
6209.134567283641 1.0027328604785395 0.02
6209.154577288645 1.02279485194876 0.02
6209.174587293647 0.9996202035136318 0.02
6209.19459729865 1.0259585095651194 0.02
6209.214607303652 0.996704705496834 0.02
6209.234617308654 0.9511415390314183 0.02
6209.254627313657 1.0021343024341882 0.02
6209.274637318659 0.9698216336580474 0.02
6209.294647323662 0.9733490063649454 0.02
6209.314657328664 0.99593972534216 0.02
6209.334667333666 0.9918041662280497 0.02
6209.35467733867 0.9809727399403473 0.02
6209.374687343672 1.0070795277632074 0.02
6209.3946973486745 1.012473013031925 0.02
6209.414707353677 1.016651472014677 0.02
6209.434717358679 0.9732838865822087 0.02
6209.454727363682 0.9719829610306088 0.02
6209.474737368684 0.9968196242039153 0.02
6209.494747373687 1.0154691442961732 0.02
6209.514757378689 0.9661855703333153 0.02
6209.534767383692 0.9919219519787811 0.02
6209.554777388695 0.9889698300502336 0.02
6209.574787393697 0.9857538768333719 0.02
6209.5947973986995 1.0037011343876343 0.02
6209.614807403702 0.9777033616942922 0.02
6209.634817408704 1.0167409371068452 0.02
6209.654827413707 1.0485558107790238 0.02
6209.674837418709 1.0149405881945595 0.02
6209.6948474237115 1.007699248785957 0.02
6209.714857428714 0.968468889879867 0.02
6209.734867433717 1.0033673223526234 0.02
6209.75487743872 1.0078587893982511 0.02
6209.774887443722 0.9770721808255467 0.02
6209.794897448724 1.0122181922369107 0.02
6209.814907453727 0.9862583879973503 0.02
6209.834917458729 1.0578402037816073 0.02
6209.854927463732 0.9829738159538477 0.02
6209.874937468734 0.9973850385220618 0.02
6209.8949474737365 1.0299674575461928 0.02
6209.91495747874 1.018099550043385 0.02
6209.934967483742 1.0009587235740338 0.02
6209.954977488745 1.0391695416763729 0.02
6209.974987493747 0.9580828896216899 0.02
6209.994997498749 1.0052383677863121 0.02
6210.015007503752 0.9998354623218482 0.02
6210.035017508754 0.9919990150803064 0.02
6210.055027513757 0.9711605415023538 0.02
6210.075037518759 0.981257390905275 0.02
6210.095047523762 1.0001821946357878 0.02
6210.115057528765 0.994322654937076 0.02
6210.135067533767 0.9834018474013889 0.02
6210.15507753877 1.012596937426677 0.02
6210.175087543772 0.9964858484666352 0.02
6210.195097548774 0.9933216861449995 0.02
6210.215107553777 0.9797875591146731 0.02
6210.235117558779 0.9627211784998061 0.02
6210.255127563782 0.9921892650278181 0.02
6210.275137568784 1.006506395985808 0.02
6210.295147573787 0.992680936046648 0.02
6210.31515757879 1.0233685952581941 0.02
6210.335167583792 0.9822692846718019 0.02
6210.3551775887945 0.9990705658971543 0.02
6210.375187593797 1.0217362746424168 0.02
6210.395197598799 1.0160242215653974 0.02
6210.415207603802 1.0422678935250593 0.02
6210.435217608804 0.9925726157411447 0.02
6210.4552276138065 1.0427540407374278 0.02
6210.47523761881 0.9977949719242835 0.02
6210.495247623812 0.9612209386100993 0.02
6210.515257628815 1.0067748349877312 0.02
6210.535267633817 0.9832549443275617 0.02
6210.5552776388195 1.0169656530446807 0.02
6210.575287643822 0.9749027329024887 0.02
6210.595297648824 0.995573986612825 0.02
6210.615307653827 0.9880077174773824 0.02
6210.635317658829 0.9624731519908123 0.02
6210.6553276638315 0.9744737571282345 0.02
6210.675337668835 0.9573729282396124 0.02
6210.695347673837 1.0110412939038114 0.02
6210.71535767884 0.9883145267336338 0.02
6210.735367683842 1.0051980514302863 0.02
6210.755377688844 1.0020415261014055 0.02
6210.775387693847 1.017435820147758 0.02
6210.795397698849 1.0199662120519533 0.02
6210.815407703852 0.9845211051291307 0.02
6210.835417708854 1.0406857788925667 0.02
6210.855427713857 1.032554732251801 0.02
6210.87543771886 1.0288749986180674 0.02
6210.895447723862 0.9901806491570296 0.02
6210.915457728865 1.036150198931919 0.02
6210.935467733867 0.9866739494440838 0.02
6210.955477738869 0.998542138384853 0.02
6210.975487743872 0.9878606391149003 0.02
6210.995497748874 0.993539697695362 0.02
6211.015507753877 1.023782495125167 0.02
6211.035517758879 1.0097891381419228 0.02
6211.055527763882 1.0217327532204679 0.02
6211.075537768885 0.9863078706582493 0.02
6211.095547773887 1.012714421633558 0.02
6211.1155577788895 0.9909514686487094 0.02
6211.135567783892 1.029104301257884 0.02
6211.155577788894 1.0072400154732917 0.02
6211.175587793897 0.9819499066752477 0.02
6211.195597798899 1.0100884538611836 0.02
6211.215607803902 0.9951880402430966 0.02
6211.235617808905 1.0153779031067844 0.02
6211.255627813907 0.9711318482396682 0.02
6211.27563781891 0.9782254031772581 0.02
6211.295647823912 1.0308486600493332 0.02
6211.3156578289145 1.0117819911962844 0.02
6211.335667833917 1.0060308718501518 0.02
6211.355677838919 1.0149817412893438 0.02
6211.375687843922 0.966129407583817 0.02
6211.395697848924 1.0131231361017068 0.02
6211.415707853927 0.9669130950993418 0.02
6211.43571785893 0.9647932371559909 0.02
6211.455727863932 0.9819343900205729 0.02
6211.475737868935 1.0023147801548968 0.02
6211.495747873937 0.9925621035555813 0.02
6211.515757878939 1.0247265638265448 0.02
6211.535767883942 0.9848908564686959 0.02
6211.555777888944 0.9899262247718781 0.02
6211.575787893947 0.987631277318732 0.02
6211.595797898949 0.9996088160371159 0.02
6211.615807903952 0.9863133564484119 0.02
6211.635817908955 1.0204319203159802 0.02
6211.655827913957 0.9684019052326452 0.02
6211.67583791896 0.9794402650282793 0.02
6211.695847923962 1.015947036984402 0.02
6211.715857928964 0.9779511345227091 0.02
6211.735867933967 0.9976280888116479 0.02
6211.755877938969 0.9962268217787349 0.02
6211.775887943972 1.0066897731330615 0.02
6211.795897948975 1.017558112779441 0.02
6211.815907953977 1.03282064105398 0.02
6211.83591795898 1.001438360641908 0.02
6211.855927963982 1.0144827717187568 0.02
6211.8759379689845 0.9866253987349751 0.02
6211.895947973987 1.0061026453899369 0.02
6211.915957978989 1.0170184047669422 0.02
6211.935967983992 0.9641347025641861 0.02
6211.955977988994 0.9717275037530774 0.02
6211.975987993997 0.9989325430406453 0.02
6211.995997999 0.9895277949100024 0.02
6212.016008004002 1.0051919712423492 0.02
6212.036018009005 1.0193412339658712 0.02
6212.056028014007 1.0093374669151363 0.02
6212.0760380190095 0.9872854527650328 0.02
6212.096048024012 0.9678357302380579 0.02
6212.116058029014 0.9813602233093642 0.02
6212.136068034017 1.012653268172139 0.02
6212.156078039019 0.9827726327489642 0.02
6212.176088044022 1.02130027463043 0.02
6212.196098049025 0.969430318894006 0.02
6212.216108054027 1.0057643386468333 0.02
6212.23611805903 0.9633557200430604 0.02
6212.256128064032 0.9905462863543026 0.02
6212.2761380690345 1.0405086076415748 0.02
6212.296148074037 0.9952866693449164 0.02
6212.316158079039 0.9996425142855399 0.02
6212.336168084042 1.0107179927529093 0.02
6212.356178089044 0.9769218596308868 0.02
6212.376188094047 0.9932594504038962 0.02
6212.39619809905 1.0076566972932883 0.02
6212.416208104052 1.070664780552184 0.02
6212.436218109055 1.0275983292172912 0.02
6212.456228114057 0.996581213715297 0.02
6212.476238119059 0.9965225966840161 0.02
6212.496248124062 0.996147689834264 0.02
6212.516258129064 0.9667765459065688 0.02
6212.536268134067 1.0034886911677698 0.02
6212.55627813907 1.005330343727524 0.02
6212.576288144072 1.0229067066095057 0.02
6212.596298149075 0.980697320846181 0.02
6212.616308154077 0.9586956815818807 0.02
6212.63631815908 0.9793863433236104 0.02
6212.656328164082 0.9790316289229576 0.02
6212.676338169084 1.0201790763792045 0.02
6212.696348174087 0.9996973872190027 0.02
6212.716358179089 0.967461498657421 0.02
6212.7363681840925 1.0012803695052872 0.02
6212.756378189095 1.0159056983585781 0.02
6212.776388194097 0.99958777217458 0.02
6212.7963981991 1.0026962943463746 0.02
6212.816408204102 0.9870260603200889 0.02
6212.8364182091045 1.0435608534475191 0.02
6212.856428214107 0.9864277304130781 0.02
6212.876438219109 0.9971846654386882 0.02
6212.896448224112 0.9986469661818101 0.02
6212.916458229114 0.9649525780148853 0.02
6212.9364682341175 1.0347415436794232 0.02
6212.95647823912 1.0075789909386526 0.02
6212.976488244122 0.994259901675734 0.02
6212.996498249125 1.006692917707029 0.02
6213.016508254127 1.015265051064304 0.02
6213.0365182591295 0.97423731370903 0.02
6213.056528264132 0.9825481789775203 0.02
6213.076538269134 0.9957198624431871 0.02
6213.096548274137 0.9913344808302361 0.02
6213.11655827914 0.9976797191461003 0.02
6213.136568284142 1.0404234747093637 0.02
6213.156578289145 0.9936404182750318 0.02
6213.176588294147 0.9868878261202201 0.02
6213.19659829915 1.0026835958628428 0.02
6213.216608304152 0.9970389157292578 0.02
6213.236618309154 1.0063879209920625 0.02
6213.256628314157 1.015648320792318 0.02
6213.276638319159 0.9950896030886939 0.02
6213.296648324162 0.9918906359149504 0.02
6213.316658329165 1.034092624975331 0.02
6213.336668334167 1.0281668661228331 0.02
6213.35667833917 1.0030188061344412 0.02
6213.376688344172 0.9962412302836454 0.02
6213.396698349175 0.9907307341304687 0.02
6213.416708354177 0.9990519218563803 0.02
6213.436718359179 1.0161934733783693 0.02
6213.456728364182 1.0003276488518014 0.02
6213.476738369184 0.9878441852362319 0.02
6213.4967483741875 1.0086392648803484 0.02
6213.51675837919 0.9853479998327337 0.02
6213.536768384192 1.0085172292676186 0.02
6213.556778389195 0.9939176320412411 0.02
6213.576788394197 0.9896611157344191 0.02
6213.5967983991995 1.0007944163451308 0.02
6213.616808404202 0.9925988141912466 0.02
6213.636818409204 0.9813824435312541 0.02
6213.656828414207 1.0075297036217417 0.02
6213.676838419209 1.0070539711965751 0.02
6213.6968484242125 1.0143888881881986 0.02
6213.716858429215 1.0104223427027537 0.02
6213.736868434217 1.013177563724042 0.02
6213.75687843922 1.0113034863791248 0.02
6213.776888444222 0.988428662613293 0.02
6213.7968984492245 1.0038936203654452 0.02
6213.816908454227 1.0008173227720965 0.02
6213.836918459229 1.0079021484650164 0.02
6213.856928464232 0.9684188928993069 0.02
6213.876938469235 1.0126568961666722 0.02
6213.896948474237 1.029672040953474 0.02
6213.91695847924 0.9823448959809362 0.02
6213.936968484242 0.9750502444334138 0.02
6213.956978489245 0.9916377822098816 0.02
6213.976988494247 0.9956760334505484 0.02
6213.9969984992495 1.0303167864718863 0.02
6214.017008504252 0.9750001344043744 0.02
6214.037018509254 0.9794185222686733 0.02
6214.057028514257 1.0263974262180182 0.02
6214.07703851926 0.9962423375125278 0.02
6214.097048524262 1.0116003141975978 0.02
6214.117058529265 1.0078706908632127 0.02
6214.137068534267 1.0116877987577744 0.02
6214.15707853927 0.9635805985415807 0.02
6214.177088544272 0.973767448273205 0.02
6214.197098549274 1.000740630356037 0.02
6214.217108554277 0.9832938177998459 0.02
6214.237118559279 0.9807097329990689 0.02
6214.2571285642825 1.0226894596637077 0.02
6214.277138569285 1.0087839578024043 0.02
6214.297148574287 1.0068516813923867 0.02
6214.31715857929 1.0012580184848283 0.02
6214.337168584292 0.9743986037035967 0.02
6214.357178589295 0.9992099813354329 0.02
6214.377188594297 1.0338274634073823 0.02
6214.397198599299 0.9830732506586641 0.02
6214.417208604302 0.9852482447246155 0.02
6214.437218609305 0.9738633345986425 0.02
6214.4572286143075 0.9816449295203785 0.02
6214.47723861931 0.9844042089436102 0.02
6214.497248624312 1.0045278672030047 0.02
6214.517258629315 1.0204521976275651 0.02
6214.537268634317 0.9649618968485599 0.02
6214.5572786393195 1.0013611622133405 0.02
6214.577288644322 1.0031699121907416 0.02
6214.597298649324 1.011995513413427 0.02
6214.617308654327 1.0247079014352176 0.02
6214.63731865933 1.0203877124306782 0.02
6214.657328664332 1.0118543691126072 0.02
6214.677338669335 0.9592317407764301 0.02
6214.697348674337 0.9885434203220468 0.02
6214.71735867934 1.0234601841844542 0.02
6214.737368684342 0.9879426450367014 0.02
6214.7573786893445 1.0124511546044375 0.02
6214.777388694347 0.983895525849041 0.02
6214.797398699349 1.013926830486329 0.02
6214.817408704353 0.9910498765814216 0.02
6214.837418709355 1.0017970190117413 0.02
6214.857428714357 1.015206297846249 0.02
6214.87743871936 0.9968541858481993 0.02
6214.897448724362 0.9828256860387783 0.02
6214.917458729365 1.0157142169118145 0.02
6214.937468734367 0.9854269349411554 0.02
6214.957478739369 0.9693304335381134 0.02
6214.977488744372 0.9906609085728517 0.02
6214.997498749374 0.9882694098494574 0.02
6215.017508754378 1.019743182924039 0.02
6215.03751875938 1.0110720195617569 0.02
6215.057528764382 0.9889234668671818 0.02
6215.077538769385 0.9904021320891441 0.02
6215.097548774387 0.9800582346562818 0.02
6215.11755877939 1.020958653730539 0.02
6215.137568784392 0.9997341573318452 0.02
6215.157578789394 1.0153388754681347 0.02
6215.177588794397 0.9883358247831696 0.02
6215.1975987994 1.010492098879529 0.02
6215.2176088044025 0.9988168037838879 0.02
6215.237618809405 0.99997587629091 0.02
6215.257628814407 0.9865997185292076 0.02
6215.27763881941 1.01563261826246 0.02
6215.297648824412 1.0007091119122913 0.02
6215.3176588294145 0.9788853104440807 0.02
6215.337668834417 1.0433781555234327 0.02
6215.357678839419 1.0059168832452952 0.02
6215.377688844423 0.9960749082265012 0.02
6215.397698849425 0.9868992863227862 0.02
6215.4177088544275 0.9894879425361596 0.02
6215.43771885943 0.9628869288511586 0.02
6215.457728864432 1.0118022222868583 0.02
6215.477738869435 1.0091059813730243 0.02
6215.497748874437 0.990670356468638 0.02
6215.5177588794395 0.9675433026678092 0.02
6215.537768884442 1.0129862245356462 0.02
6215.557778889444 1.0144453468235968 0.02
6215.577788894448 1.0186034020722057 0.02
6215.59779889945 0.9916495173948119 0.02
6215.617808904452 0.9970284897683757 0.02
6215.637818909455 0.9978794347394264 0.02
6215.657828914457 1.0182689650593042 0.02
6215.67783891946 1.0376387253737425 0.02
6215.697848924462 1.010353550256997 0.02
6215.7178589294645 1.0104235309673484 0.02
6215.737868934467 0.9706038615355506 0.02
6215.75787893947 1.0255140785405341 0.02
6215.777888944473 1.0050784802686452 0.02
6215.797898949475 0.954631516409992 0.02
6215.817908954477 0.9863689332048042 0.02
6215.83791895948 1.0008886518487976 0.02
6215.857928964482 1.0033773823331311 0.02
6215.877938969485 0.964888541835054 0.02
6215.897948974487 0.9993989079543906 0.02
6215.917958979489 1.0295384017266165 0.02
6215.937968984492 0.9735860750402467 0.02
6215.957978989495 0.9760508624753832 0.02
6215.9779889944975 0.9783010582229088 0.02
6215.9979989995 0.9906323676183727 0.02
6216.018009004502 0.9893321946674871 0.02
6216.038019009505 0.9730209329793312 0.02
6216.058029014507 0.9974199784026572 0.02
6216.07803901951 1.0165245546939479 0.02
6216.098049024512 0.9597757803924928 0.02
6216.118059029514 0.9906778395765286 0.02
6216.138069034518 0.9791214339103186 0.02
6216.15807903952 0.9626454321820405 0.02
6216.1780890445225 1.0093373908155232 0.02
6216.198099049525 1.015271973228241 0.02
6216.218109054527 0.9842022993836179 0.02
6216.23811905953 0.9804782040850448 0.02
6216.258129064532 1.03267725141029 0.02
6216.2781390695345 0.992046594039008 0.02
6216.298149074537 1.016946827675387 0.02
6216.318159079539 1.019902649609841 0.02
6216.338169084543 0.9903692953212966 0.02
6216.358179089545 1.0228631992270478 0.02
6216.378189094547 1.0313871106545551 0.02
6216.39819909955 0.9762096847938709 0.02
6216.418209104552 1.0150258882713568 0.02
6216.438219109555 0.9953921792302414 0.02
6216.458229114557 0.9572194695325282 0.02
6216.4782391195595 0.9751142512611355 0.02
6216.498249124562 0.9946367538975992 0.02
6216.518259129565 0.9839710445609754 0.02
6216.538269134568 0.9885491124692536 0.02
6216.55827913957 0.9792476529920775 0.02
6216.578289144572 0.9995674773781879 0.02
6216.598299149575 1.0152858296618628 0.02
6216.618309154577 0.9921438276176261 0.02
6216.63831915958 0.9875332635357102 0.02
6216.658329164582 0.9436194323275071 0.02
6216.678339169584 0.9872609287547335 0.02
6216.698349174587 0.999335411053087 0.02
6216.71835917959 1.019694366542894 0.02
6216.738369184593 1.0018187663371316 0.02
6216.758379189595 0.9883803302394847 0.02
6216.778389194597 1.0362073099467344 0.02
6216.7983991996 0.9595465134819232 0.02
6216.818409204602 0.964395911825883 0.02
6216.838419209605 1.0147391886436787 0.02
6216.858429214607 0.9857816921594074 0.02
6216.878439219609 1.0129207114326224 0.02
6216.898449224613 1.0019059718753511 0.02
6216.918459229615 1.0032128302220713 0.02
6216.9384692346175 1.023916689192921 0.02
6216.95847923962 1.0090741635182048 0.02
6216.978489244622 0.9962705758619449 0.02
6216.998499249625 1.0332399824591858 0.02
6217.018509254627 1.0246192710043067 0.02
6217.0385192596295 1.011544189056393 0.02
6217.058529264632 1.0164540246219698 0.02
6217.078539269635 1.0207912645798443 0.02
6217.098549274638 1.0138963721084786 0.02
6217.11855927964 1.0378169270423645 0.02
6217.1385692846425 1.0391455172572708 0.02
6217.158579289645 0.9588431733269472 0.02
6217.178589294647 0.9950284489957331 0.02
6217.19859929965 0.9997565156102054 0.02
6217.218609304652 1.0044185998664685 0.02
6217.2386193096545 1.011267140947793 0.02
6217.258629314657 0.9936192374569113 0.02
6217.27863931966 1.0226582507639101 0.02
6217.298649324663 1.010157858542274 0.02
6217.318659329665 1.007824367232897 0.02
6217.338669334667 1.0078755072735548 0.02
6217.35867933967 1.0118561848736751 0.02
6217.378689344672 1.011379593911614 0.02
6217.398699349675 1.0102810012736734 0.02
6217.418709354677 1.013594898495727 0.02
6217.438719359679 1.0235420711035599 0.02
6217.458729364683 0.9800663494222838 0.02
6217.478739369685 1.0242824152705574 0.02
6217.498749374688 0.9938705287809901 0.02
6217.51875937969 1.0159515026351018 0.02
6217.538769384692 1.01693308023551 0.02
6217.558779389695 1.0089000208219836 0.02
6217.578789394697 0.9734760229965495 0.02
6217.5987993997 0.9466392249672854 0.02
6217.618809404702 1.037211188349218 0.02
6217.638819409704 1.0273083332632158 0.02
6217.658829414708 0.9901134281339036 0.02
6217.67883941971 0.9732707848208233 0.02
6217.6988494247125 0.9816595061772905 0.02
6217.718859429715 0.9692729443674742 0.02
6217.738869434717 1.0104976426756767 0.02
6217.75887943972 0.9939893585608591 0.02
6217.778889444722 0.9841555204862406 0.02
6217.798899449725 1.019634589479992 0.02
6217.818909454727 0.9811067221583403 0.02
6217.83891945973 1.022950483157802 0.02
6217.858929464733 1.0056403313952902 0.02
6217.878939469735 1.0032800102265151 0.02
6217.8989494747375 0.9747291291409449 0.02
6217.91895947974 1.0004777218112215 0.02
6217.938969484742 0.9895492023997732 0.02
6217.958979489745 1.0227956454162443 0.02
6217.978989494747 0.9918628426480531 0.02
6217.9989994997495 0.9758508151501604 0.02
6218.019009504753 0.9656853410703604 0.02
6218.039019509755 0.9969798607951654 0.02
6218.059029514758 1.0025308349468067 0.02
6218.07903951976 0.9730939535838974 0.02
6218.099049524762 0.9933215651769316 0.02
6218.119059529765 1.0068783971613313 0.02
6218.139069534767 1.0337729452497435 0.02
6218.15907953977 0.9955910048381309 0.02
6218.179089544772 0.9858849405928413 0.02
6218.1990995497745 1.0182829770978057 0.02
6218.219109554778 0.9744143425870554 0.02
6218.23911955978 1.008715144478474 0.02
6218.259129564783 1.0219529373338752 0.02
6218.279139569785 0.9900299116715792 0.02
6218.299149574787 0.9782840724457913 0.02
6218.31915957979 1.0151389768584897 0.02
6218.339169584792 1.0358316216946857 0.02
6218.359179589795 1.0065558125510277 0.02
6218.379189594797 1.0036072715929545 0.02
6218.3991995998 0.9918558628129589 0.02
6218.419209604803 0.9846552294655295 0.02
6218.439219609805 1.0378909490709618 0.02
6218.459229614808 0.9906319384523032 0.02
6218.47923961981 0.9762496515428614 0.02
6218.499249624812 1.0242610271190897 0.02
6218.519259629815 0.9822318323357841 0.02
6218.539269634817 0.9732753168517615 0.02
6218.55927963982 0.9899486865058961 0.02
6218.579289644822 0.9666116405616111 0.02
6218.599299649825 0.9655715637349377 0.02
6218.619309654828 1.0172586732170708 0.02
6218.63931965983 1.0167665336577605 0.02
6218.6593296648325 1.012271809619539 0.02
6218.679339669835 0.9910661822721677 0.02
6218.699349674837 1.0364512533696173 0.02
6218.71935967984 1.0071788639675845 0.02
6218.739369684842 0.9989074724638541 0.02
6218.7593796898445 0.9763639914686684 0.02
6218.779389694848 0.9710303172626262 0.02
6218.79939969985 0.9719816908658065 0.02
6218.819409704853 1.0201831333201064 0.02
6218.839419709855 1.011251967556295 0.02
6218.8594297148575 0.9866273664145657 0.02
6218.87943971986 0.9975147717785731 0.02
6218.899449724862 0.9710587664989888 0.02
6218.919459729865 0.9875041744869193 0.02
6218.939469734867 0.9982068133711205 0.02
6218.9594797398695 0.9630084577168596 0.02
6218.979489744873 1.0227395621741362 0.02
6218.999499749875 0.9872577841638462 0.02
6219.019509754878 0.9916250035423453 0.02
6219.03951975988 1.016116402027521 0.02
6219.059529764882 0.9867751342277405 0.02
6219.079539769885 0.9838496406255713 0.02
6219.099549774887 0.9809795815684874 0.02
6219.11955977989 1.0013057351606076 0.02
6219.139569784892 0.9841591459424752 0.02
6219.159579789895 0.9998060696640585 0.02
6219.179589794898 0.9994658559456545 0.02
6219.1995997999 1.0202527001358943 0.02
6219.219609804903 1.009737333702887 0.02
6219.239619809905 0.9973936013063102 0.02
6219.259629814907 0.9943390127641871 0.02
6219.27963981991 0.9522842813077022 0.02
6219.299649824912 1.0055657020485007 0.02
6219.319659829915 0.9900002728986157 0.02
6219.339669834917 0.9809175941022289 0.02
6219.35967983992 1.0209678922301086 0.02
6219.379689844923 0.9694755891563099 0.02
6219.399699849925 0.9949227601136899 0.02
6219.4197098549275 0.9477207525722993 0.02
6219.43971985993 1.0253562786925263 0.02
6219.459729864932 0.9940498337259924 0.02
6219.479739869935 0.9906936923193167 0.02
6219.499749874937 0.9797480550556201 0.02
6219.51975987994 0.976484457668374 0.02
6219.539769884943 0.9933523917134174 0.02
6219.559779889945 0.9950909295532684 0.02
6219.579789894948 1.0116968532658637 0.02
6219.59979989995 1.0026962349225776 0.02
6219.6198099049525 1.029224456763353 0.02
6219.639819909955 0.9815089538879913 0.02
6219.659829914957 0.9742870647088073 0.02
6219.67983991996 0.9869066888981222 0.02
6219.699849924962 1.010979139192448 0.02
6219.719859929965 1.0007987721553113 0.02
6219.739869934968 1.0273679696050575 0.02
6219.75987993997 0.995002443610439 0.02
6219.779889944973 0.9755871067387623 0.02
6219.799899949975 1.0203987168636972 0.02
6219.819909954977 0.9865396090452208 0.02
6219.83991995998 0.9790485250306237 0.02
6219.859929964982 1.013150185010171 0.02
6219.879939969985 0.9529091671769614 0.02
6219.899949974987 0.9948828162243986 0.02
6219.91995997999 0.9968871622952876 0.02
6219.939969984993 1.0009603529537439 0.02
6219.959979989995 1.0070709376014342 0.02
6219.979989994998 0.9666085727026094 0.02
6220.0 0.9922354291104569 0.02
